9.9900e-04 1.9002e+04 -1.6115e+00
1.0059e-03 1.8791e+04 -1.6109e+00
1.0129e-03 1.8583e+04 -1.6103e+00
1.0199e-03 1.8377e+04 -1.6097e+00
1.0270e-03 1.8174e+04 -1.6091e+00
1.0341e-03 1.7973e+04 -1.6085e+00
1.0413e-03 1.7774e+04 -1.6079e+00
1.0486e-03 1.7577e+04 -1.6073e+00
1.0558e-03 1.7383e+04 -1.6067e+00
1.0632e-03 1.7191e+04 -1.6062e+00
1.0705e-03 1.7001e+04 -1.6056e+00
1.0780e-03 1.6814e+04 -1.6050e+00
1.0854e-03 1.6628e+04 -1.6044e+00
1.0930e-03 1.6445e+04 -1.6039e+00
1.1006e-03 1.6263e+04 -1.6033e+00
1.1082e-03 1.6084e+04 -1.6027e+00
1.1159e-03 1.5907e+04 -1.6022e+00
1.1236e-03 1.5731e+04 -1.6016e+00
1.1314e-03 1.5558e+04 -1.6010e+00
1.1393e-03 1.5387e+04 -1.6005e+00
1.1472e-03 1.5218e+04 -1.5999e+00
1.1551e-03 1.5050e+04 -1.5994e+00
1.1632e-03 1.4885e+04 -1.5988e+00
1.1712e-03 1.4721e+04 -1.5983e+00
1.1794e-03 1.4559e+04 -1.5977e+00
1.1875e-03 1.4399e+04 -1.5972e+00
1.1958e-03 1.4241e+04 -1.5967e+00
1.2041e-03 1.4085e+04 -1.5961e+00
1.2124e-03 1.3930e+04 -1.5956e+00
1.2209e-03 1.3777e+04 -1.5950e+00
1.2293e-03 1.3626e+04 -1.5945e+00
1.2379e-03 1.3477e+04 -1.5940e+00
1.2465e-03 1.3329e+04 -1.5935e+00
1.2551e-03 1.3183e+04 -1.5929e+00
1.2638e-03 1.3039e+04 -1.5924e+00
1.2726e-03 1.2896e+04 -1.5919e+00
1.2814e-03 1.2755e+04 -1.5914e+00
1.2903e-03 1.2615e+04 -1.5909e+00
1.2993e-03 1.2477e+04 -1.5903e+00
1.3083e-03 1.2341e+04 -1.5898e+00
1.3174e-03 1.2206e+04 -1.5893e+00
1.3265e-03 1.2072e+04 -1.5888e+00
1.3357e-03 1.1940e+04 -1.5883e+00
1.3450e-03 1.1810e+04 -1.5878e+00
1.3543e-03 1.1681e+04 -1.5873e+00
1.3637e-03 1.1553e+04 -1.5868e+00
1.3732e-03 1.1427e+04 -1.5863e+00
1.3827e-03 1.1303e+04 -1.5858e+00
1.3923e-03 1.1179e+04 -1.5853e+00
1.4020e-03 1.1058e+04 -1.5849e+00
1.4117e-03 1.0937e+04 -1.5844e+00
1.4215e-03 1.0818e+04 -1.5839e+00
1.4313e-03 1.0700e+04 -1.5834e+00
1.4413e-03 1.0584e+04 -1.5829e+00
1.4513e-03 1.0468e+04 -1.5824e+00
1.4614e-03 1.0354e+04 -1.5820e+00
1.4715e-03 1.0242e+04 -1.5815e+00
1.4817e-03 1.0130e+04 -1.5810e+00
1.4920e-03 1.0020e+04 -1.5806e+00
1.5023e-03 9.9114e+03 -1.5801e+00
1.5128e-03 9.8037e+03 -1.5796e+00
1.5233e-03 9.6972e+03 -1.5792e+00
1.5338e-03 9.5919e+03 -1.5787e+00
1.5445e-03 9.4877e+03 -1.5782e+00
1.5552e-03 9.3847e+03 -1.5778e+00
1.5660e-03 9.2829e+03 -1.5773e+00
1.5769e-03 9.1822e+03 -1.5769e+00
1.5878e-03 9.0826e+03 -1.5764e+00
1.5988e-03 8.9842e+03 -1.5760e+00
1.6099e-03 8.8868e+03 -1.5755e+00
1.6211e-03 8.7905e+03 -1.5751e+00
1.6323e-03 8.6953e+03 -1.5747e+00
1.6437e-03 8.6011e+03 -1.5742e+00
1.6551e-03 8.5080e+03 -1.5738e+00
1.6666e-03 8.4159e+03 -1.5734e+00
1.6781e-03 8.3249e+03 -1.5729e+00
1.6898e-03 8.2348e+03 -1.5725e+00
1.7015e-03 8.1457e+03 -1.5721e+00
1.7133e-03 8.0577e+03 -1.5716e+00
1.7252e-03 7.9706e+03 -1.5712e+00
1.7372e-03 7.8845e+03 -1.5708e+00
1.7492e-03 7.7993e+03 -1.5704e+00
1.7614e-03 7.7150e+03 -1.5700e+00
1.7736e-03 7.6317e+03 -1.5695e+00
1.7859e-03 7.5494e+03 -1.5691e+00
1.7983e-03 7.4679e+03 -1.5687e+00
1.8108e-03 7.3873e+03 -1.5683e+00
1.8233e-03 7.3076e+03 -1.5679e+00
1.8360e-03 7.2288e+03 -1.5675e+00
1.8487e-03 7.1509e+03 -1.5671e+00
1.8616e-03 7.0738e+03 -1.5667e+00
1.8745e-03 6.9976e+03 -1.5663e+00
1.8875e-03 6.9222e+03 -1.5659e+00
1.9006e-03 6.8477e+03 -1.5655e+00
1.9138e-03 6.7740e+03 -1.5651e+00
1.9270e-03 6.7011e+03 -1.5647e+00
1.9404e-03 6.6289e+03 -1.5643e+00
1.9539e-03 6.5576e+03 -1.5640e+00
1.9674e-03 6.4871e+03 -1.5636e+00
1.9811e-03 6.4173e+03 -1.5632e+00
1.9948e-03 6.3483e+03 -1.5628e+00
2.0087e-03 6.2801e+03 -1.5624e+00
2.0226e-03 6.2126e+03 -1.5620e+00
2.0367e-03 6.1459e+03 -1.5617e+00
2.0508e-03 6.0799e+03 -1.5613e+00
2.0650e-03 6.0146e+03 -1.5609e+00
2.0794e-03 5.9500e+03 -1.5606e+00
2.0938e-03 5.8861e+03 -1.5602e+00
2.1083e-03 5.8230e+03 -1.5598e+00
2.1230e-03 5.7605e+03 -1.5595e+00
2.1377e-03 5.6987e+03 -1.5591e+00
2.1525e-03 5.6376e+03 -1.5587e+00
2.1675e-03 5.5772e+03 -1.5584e+00
2.1825e-03 5.5174e+03 -1.5580e+00
2.1976e-03 5.4583e+03 -1.5577e+00
2.2129e-03 5.3998e+03 -1.5573e+00
2.2283e-03 5.3420e+03 -1.5570e+00
2.2437e-03 5.2848e+03 -1.5566e+00
2.2593e-03 5.2282e+03 -1.5563e+00
2.2750e-03 5.1722e+03 -1.5559e+00
2.2908e-03 5.1169e+03 -1.5556e+00
2.3067e-03 5.0621e+03 -1.5553e+00
2.3227e-03 5.0080e+03 -1.5549e+00
2.3388e-03 4.9544e+03 -1.5546e+00
2.3550e-03 4.9014e+03 -1.5542e+00
2.3713e-03 4.8491e+03 -1.5539e+00
2.3878e-03 4.7972e+03 -1.5536e+00
2.4044e-03 4.7460e+03 -1.5532e+00
2.4211e-03 4.6953e+03 -1.5529e+00
2.4379e-03 4.6451e+03 -1.5526e+00
2.4548e-03 4.5955e+03 -1.5523e+00
2.4718e-03 4.5464e+03 -1.5519e+00
2.4890e-03 4.4979e+03 -1.5516e+00
2.5062e-03 4.4499e+03 -1.5513e+00
2.5236e-03 4.4024e+03 -1.5510e+00
2.5411e-03 4.3555e+03 -1.5507e+00
2.5588e-03 4.3090e+03 -1.5504e+00
2.5765e-03 4.2631e+03 -1.5500e+00
2.5944e-03 4.2176e+03 -1.5497e+00
2.6124e-03 4.1727e+03 -1.5494e+00
2.6306e-03 4.1282e+03 -1.5491e+00
2.6488e-03 4.0842e+03 -1.5488e+00
2.6672e-03 4.0407e+03 -1.5485e+00
2.6857e-03 3.9977e+03 -1.5482e+00
2.7043e-03 3.9551e+03 -1.5479e+00
2.7231e-03 3.9130e+03 -1.5476e+00
2.7420e-03 3.8713e+03 -1.5473e+00
2.7610e-03 3.8301e+03 -1.5470e+00
2.7802e-03 3.7894e+03 -1.5467e+00
2.7995e-03 3.7491e+03 -1.5464e+00
2.8189e-03 3.7092e+03 -1.5461e+00
2.8385e-03 3.6697e+03 -1.5458e+00
2.8582e-03 3.6307e+03 -1.5456e+00
2.8780e-03 3.5921e+03 -1.5453e+00
2.8980e-03 3.5539e+03 -1.5450e+00
2.9181e-03 3.5162e+03 -1.5447e+00
2.9383e-03 3.4788e+03 -1.5444e+00
2.9587e-03 3.4419e+03 -1.5441e+00
2.9793e-03 3.4053e+03 -1.5439e+00
2.9999e-03 3.3691e+03 -1.5436e+00
3.0208e-03 3.3334e+03 -1.5433e+00
3.0417e-03 3.2980e+03 -1.5430e+00
3.0628e-03 3.2630e+03 -1.5428e+00
3.0841e-03 3.2284e+03 -1.5425e+00
3.1055e-03 3.1941e+03 -1.5422e+00
3.1270e-03 3.1602e+03 -1.5420e+00
3.1487e-03 3.1267e+03 -1.5417e+00
3.1706e-03 3.0935e+03 -1.5414e+00
3.1926e-03 3.0607e+03 -1.5412e+00
3.2147e-03 3.0283e+03 -1.5409e+00
3.2371e-03 2.9962e+03 -1.5407e+00
3.2595e-03 2.9645e+03 -1.5404e+00
3.2821e-03 2.9330e+03 -1.5401e+00
3.3049e-03 2.9020e+03 -1.5399e+00
3.3279e-03 2.8712e+03 -1.5396e+00
3.3509e-03 2.8408e+03 -1.5394e+00
3.3742e-03 2.8107e+03 -1.5391e+00
3.3976e-03 2.7810e+03 -1.5389e+00
3.4212e-03 2.7516e+03 -1.5386e+00
3.4449e-03 2.7224e+03 -1.5384e+00
3.4688e-03 2.6936e+03 -1.5382e+00
3.4929e-03 2.6651e+03 -1.5379e+00
3.5172e-03 2.6369e+03 -1.5377e+00
3.5416e-03 2.6090e+03 -1.5374e+00
3.5661e-03 2.5814e+03 -1.5372e+00
3.5909e-03 2.5542e+03 -1.5370e+00
3.6158e-03 2.5272e+03 -1.5367e+00
3.6409e-03 2.5004e+03 -1.5365e+00
3.6662e-03 2.4740e+03 -1.5362e+00
3.6916e-03 2.4479e+03 -1.5360e+00
3.7172e-03 2.4220e+03 -1.5358e+00
3.7430e-03 2.3964e+03 -1.5356e+00
3.7690e-03 2.3711e+03 -1.5353e+00
3.7952e-03 2.3461e+03 -1.5351e+00
3.8215e-03 2.3213e+03 -1.5349e+00
3.8480e-03 2.2968e+03 -1.5347e+00
3.8747e-03 2.2725e+03 -1.5344e+00
3.9016e-03 2.2486e+03 -1.5342e+00
3.9287e-03 2.2248e+03 -1.5340e+00
3.9559e-03 2.2013e+03 -1.5338e+00
3.9834e-03 2.1781e+03 -1.5336e+00
4.0110e-03 2.1551e+03 -1.5333e+00
4.0389e-03 2.1324e+03 -1.5331e+00
4.0669e-03 2.1099e+03 -1.5329e+00
4.0951e-03 2.0877e+03 -1.5327e+00
4.1235e-03 2.0657e+03 -1.5325e+00
4.1522e-03 2.0439e+03 -1.5323e+00
4.1810e-03 2.0224e+03 -1.5321e+00
4.2100e-03 2.0010e+03 -1.5319e+00
4.2392e-03 1.9800e+03 -1.5317e+00
4.2686e-03 1.9591e+03 -1.5315e+00
4.2982e-03 1.9385e+03 -1.5313e+00
4.3281e-03 1.9180e+03 -1.5310e+00
4.3581e-03 1.8978e+03 -1.5308e+00
4.3884e-03 1.8779e+03 -1.5306e+00
4.4188e-03 1.8581e+03 -1.5304e+00
4.4495e-03 1.8385e+03 -1.5303e+00
4.4803e-03 1.8192e+03 -1.5301e+00
4.5114e-03 1.8000e+03 -1.5299e+00
4.5427e-03 1.7811e+03 -1.5297e+00
4.5743e-03 1.7623e+03 -1.5295e+00
4.6060e-03 1.7438e+03 -1.5293e+00
4.6380e-03 1.7255e+03 -1.5291e+00
4.6702e-03 1.7073e+03 -1.5289e+00
4.7026e-03 1.6893e+03 -1.5287e+00
4.7352e-03 1.6716e+03 -1.5285e+00
4.7681e-03 1.6540e+03 -1.5283e+00
4.8012e-03 1.6366e+03 -1.5282e+00
4.8345e-03 1.6194e+03 -1.5280e+00
4.8680e-03 1.6024e+03 -1.5278e+00
4.9018e-03 1.5856e+03 -1.5276e+00
4.9358e-03 1.5689e+03 -1.5274e+00
4.9701e-03 1.5524e+03 -1.5273e+00
5.0046e-03 1.5361e+03 -1.5271e+00
5.0393e-03 1.5200e+03 -1.5269e+00
5.0743e-03 1.5040e+03 -1.5267e+00
5.1095e-03 1.4882e+03 -1.5266e+00
5.1449e-03 1.4726e+03 -1.5264e+00
5.1806e-03 1.4571e+03 -1.5262e+00
5.2166e-03 1.4418e+03 -1.5260e+00
5.2528e-03 1.4267e+03 -1.5259e+00
5.2893e-03 1.4117e+03 -1.5257e+00
5.3260e-03 1.3969e+03 -1.5255e+00
5.3629e-03 1.3822e+03 -1.5254e+00
5.4001e-03 1.3677e+03 -1.5252e+00
5.4376e-03 1.3534e+03 -1.5250e+00
5.4753e-03 1.3392e+03 -1.5249e+00
5.5133e-03 1.3251e+03 -1.5247e+00
5.5516e-03 1.3112e+03 -1.5245e+00
5.5901e-03 1.2975e+03 -1.5244e+00
5.6289e-03 1.2839e+03 -1.5242e+00
5.6680e-03 1.2704e+03 -1.5241e+00
5.7073e-03 1.2571e+03 -1.5239e+00
5.7469e-03 1.2439e+03 -1.5237e+00
5.7868e-03 1.2309e+03 -1.5236e+00
5.8270e-03 1.2180e+03 -1.5234e+00
5.8674e-03 1.2052e+03 -1.5233e+00
5.9081e-03 1.1926e+03 -1.5231e+00
5.9491e-03 1.1801e+03 -1.5230e+00
5.9904e-03 1.1677e+03 -1.5228e+00
6.0320e-03 1.1555e+03 -1.5227e+00
6.0738e-03 1.1434e+03 -1.5225e+00
6.1160e-03 1.1314e+03 -1.5224e+00
6.1584e-03 1.1196e+03 -1.5222e+00
6.2012e-03 1.1078e+03 -1.5221e+00
6.2442e-03 1.0962e+03 -1.5219e+00
6.2875e-03 1.0848e+03 -1.5218e+00
6.3312e-03 1.0734e+03 -1.5217e+00
6.3751e-03 1.0622e+03 -1.5215e+00
6.4193e-03 1.0511e+03 -1.5214e+00
6.4639e-03 1.0401e+03 -1.5212e+00
6.5087e-03 1.0292e+03 -1.5211e+00
6.5539e-03 1.0184e+03 -1.5209e+00
6.5994e-03 1.0077e+03 -1.5208e+00
6.6452e-03 9.9720e+02 -1.5207e+00
6.6913e-03 9.8677e+02 -1.5205e+00
6.7377e-03 9.7645e+02 -1.5204e+00
6.7845e-03 9.6624e+02 -1.5203e+00
6.8316e-03 9.5613e+02 -1.5201e+00
6.8790e-03 9.4613e+02 -1.5200e+00
6.9267e-03 9.3624e+02 -1.5199e+00
6.9748e-03 9.2645e+02 -1.5197e+00
7.0232e-03 9.1677e+02 -1.5196e+00
7.0719e-03 9.0718e+02 -1.5195e+00
7.1210e-03 8.9770e+02 -1.5193e+00
7.1704e-03 8.8832e+02 -1.5192e+00
7.2202e-03 8.7903e+02 -1.5191e+00
7.2703e-03 8.6985e+02 -1.5190e+00
7.3208e-03 8.6076e+02 -1.5188e+00
7.3716e-03 8.5177e+02 -1.5187e+00
7.4227e-03 8.4287e+02 -1.5186e+00
7.4742e-03 8.3406e+02 -1.5185e+00
7.5261e-03 8.2535e+02 -1.5183e+00
7.5783e-03 8.1673e+02 -1.5182e+00
7.6309e-03 8.0820e+02 -1.5181e+00
7.6839e-03 7.9976e+02 -1.5180e+00
7.7372e-03 7.9141e+02 -1.5179e+00
7.7909e-03 7.8314e+02 -1.5177e+00
7.8450e-03 7.7497e+02 -1.5176e+00
7.8994e-03 7.6688e+02 -1.5175e+00
7.9542e-03 7.5887e+02 -1.5174e+00
8.0094e-03 7.5095e+02 -1.5173e+00
8.0650e-03 7.4311e+02 -1.5172e+00
8.1210e-03 7.3536e+02 -1.5170e+00
8.1773e-03 7.2768e+02 -1.5169e+00
8.2341e-03 7.2009e+02 -1.5168e+00
8.2912e-03 7.1257e+02 -1.5167e+00
8.3487e-03 7.0514e+02 -1.5166e+00
8.4067e-03 6.9778e+02 -1.5165e+00
8.4650e-03 6.9050e+02 -1.5164e+00
8.5238e-03 6.8330e+02 -1.5163e+00
8.5829e-03 6.7617e+02 -1.5162e+00
8.6425e-03 6.6912e+02 -1.5160e+00
8.7025e-03 6.6214e+02 -1.5159e+00
8.7628e-03 6.5524e+02 -1.5158e+00
8.8237e-03 6.4840e+02 -1.5157e+00
8.8849e-03 6.4164e+02 -1.5156e+00
8.9466e-03 6.3495e+02 -1.5155e+00
9.0086e-03 6.2833e+02 -1.5154e+00
9.0712e-03 6.2178e+02 -1.5153e+00
9.1341e-03 6.1530e+02 -1.5152e+00
9.1975e-03 6.0889e+02 -1.5151e+00
9.2613e-03 6.0254e+02 -1.5150e+00
9.3256e-03 5.9626e+02 -1.5149e+00
9.3903e-03 5.9005e+02 -1.5148e+00
9.4555e-03 5.8390e+02 -1.5147e+00
9.5211e-03 5.7781e+02 -1.5146e+00
9.5872e-03 5.7179e+02 -1.5145e+00
9.6537e-03 5.6584e+02 -1.5144e+00
9.7207e-03 5.5994e+02 -1.5143e+00
9.7881e-03 5.5411e+02 -1.5142e+00
9.8561e-03 5.4834e+02 -1.5141e+00
9.9245e-03 5.4262e+02 -1.5140e+00
9.9933e-03 5.3697e+02 -1.5139e+00
1.0063e-02 5.3138e+02 -1.5138e+00
1.0133e-02 5.2585e+02 -1.5137e+00
1.0203e-02 5.2037e+02 -1.5137e+00
1.0274e-02 5.1495e+02 -1.5136e+00
1.0345e-02 5.0959e+02 -1.5135e+00
1.0417e-02 5.0428e+02 -1.5134e+00
1.0489e-02 4.9903e+02 -1.5133e+00
1.0562e-02 4.9384e+02 -1.5132e+00
1.0635e-02 4.8870e+02 -1.5131e+00
1.0709e-02 4.8361e+02 -1.5130e+00
1.0783e-02 4.7858e+02 -1.5129e+00
1.0858e-02 4.7360e+02 -1.5129e+00
1.0933e-02 4.6867e+02 -1.5128e+00
1.1009e-02 4.6379e+02 -1.5127e+00
1.1086e-02 4.5896e+02 -1.5126e+00
1.1163e-02 4.5419e+02 -1.5125e+00
1.1240e-02 4.4946e+02 -1.5124e+00
1.1318e-02 4.4478e+02 -1.5123e+00
1.1397e-02 4.4016e+02 -1.5123e+00
1.1476e-02 4.3558e+02 -1.5122e+00
1.1555e-02 4.3105e+02 -1.5121e+00
1.1636e-02 4.2656e+02 -1.5120e+00
1.1716e-02 4.2213e+02 -1.5119e+00
1.1798e-02 4.1773e+02 -1.5119e+00
1.1879e-02 4.1339e+02 -1.5118e+00
1.1962e-02 4.0909e+02 -1.5117e+00
1.2045e-02 4.0484e+02 -1.5116e+00
1.2128e-02 4.0063e+02 -1.5115e+00
1.2213e-02 3.9646e+02 -1.5115e+00
1.2297e-02 3.9234e+02 -1.5114e+00
1.2383e-02 3.8826e+02 -1.5113e+00
1.2469e-02 3.8422e+02 -1.5112e+00
1.2555e-02 3.8023e+02 -1.5112e+00
1.2642e-02 3.7627e+02 -1.5111e+00
1.2730e-02 3.7236e+02 -1.5110e+00
1.2818e-02 3.6849e+02 -1.5109e+00
1.2907e-02 3.6466e+02 -1.5109e+00
1.2997e-02 3.6087e+02 -1.5108e+00
1.3087e-02 3.5712e+02 -1.5107e+00
1.3178e-02 3.5341e+02 -1.5106e+00
1.3269e-02 3.4974e+02 -1.5106e+00
1.3361e-02 3.4610e+02 -1.5105e+00
1.3454e-02 3.4251e+02 -1.5104e+00
1.3548e-02 3.3895e+02 -1.5104e+00
1.3642e-02 3.3542e+02 -1.5103e+00
1.3736e-02 3.3194e+02 -1.5102e+00
1.3832e-02 3.2849e+02 -1.5101e+00
1.3928e-02 3.2508e+02 -1.5101e+00
1.4024e-02 3.2170e+02 -1.5100e+00
1.4122e-02 3.1836e+02 -1.5099e+00
1.4220e-02 3.1505e+02 -1.5099e+00
1.4318e-02 3.1178e+02 -1.5098e+00
1.4418e-02 3.0854e+02 -1.5097e+00
1.4518e-02 3.0534e+02 -1.5097e+00
1.4618e-02 3.0217e+02 -1.5096e+00
1.4720e-02 2.9903e+02 -1.5095e+00
1.4822e-02 2.9592e+02 -1.5095e+00
1.4925e-02 2.9285e+02 -1.5094e+00
1.5028e-02 2.8981e+02 -1.5093e+00
1.5133e-02 2.8680e+02 -1.5093e+00
1.5238e-02 2.8382e+02 -1.5092e+00
1.5343e-02 2.8087e+02 -1.5092e+00
1.5450e-02 2.7796e+02 -1.5091e+00
1.5557e-02 2.7507e+02 -1.5090e+00
1.5665e-02 2.7222e+02 -1.5090e+00
1.5774e-02 2.6939e+02 -1.5089e+00
1.5883e-02 2.6659e+02 -1.5089e+00
1.5994e-02 2.6383e+02 -1.5088e+00
1.6105e-02 2.6109e+02 -1.5087e+00
1.6216e-02 2.5838e+02 -1.5087e+00
1.6329e-02 2.5570e+02 -1.5086e+00
1.6442e-02 2.5304e+02 -1.5086e+00
1.6556e-02 2.5042e+02 -1.5085e+00
1.6671e-02 2.4782e+02 -1.5084e+00
1.6787e-02 2.4525e+02 -1.5084e+00
1.6903e-02 2.4270e+02 -1.5083e+00
1.7021e-02 2.4018e+02 -1.5083e+00
1.7139e-02 2.3769e+02 -1.5082e+00
1.7258e-02 2.3522e+02 -1.5082e+00
1.7377e-02 2.3278e+02 -1.5081e+00
1.7498e-02 2.3037e+02 -1.5080e+00
1.7619e-02 2.2798e+02 -1.5080e+00
1.7742e-02 2.2561e+02 -1.5079e+00
1.7865e-02 2.2327e+02 -1.5079e+00
1.7989e-02 2.2096e+02 -1.5078e+00
1.8114e-02 2.1866e+02 -1.5078e+00
1.8239e-02 2.1640e+02 -1.5077e+00
1.8366e-02 2.1415e+02 -1.5077e+00
1.8493e-02 2.1193e+02 -1.5076e+00
1.8622e-02 2.0973e+02 -1.5076e+00
1.8751e-02 2.0756e+02 -1.5075e+00
1.8881e-02 2.0540e+02 -1.5075e+00
1.9012e-02 2.0327e+02 -1.5074e+00
1.9144e-02 2.0117e+02 -1.5074e+00
1.9277e-02 1.9908e+02 -1.5073e+00
1.9411e-02 1.9702e+02 -1.5073e+00
1.9545e-02 1.9497e+02 -1.5072e+00
1.9681e-02 1.9295e+02 -1.5072e+00
1.9818e-02 1.9095e+02 -1.5071e+00
1.9955e-02 1.8897e+02 -1.5071e+00
2.0094e-02 1.8701e+02 -1.5070e+00
2.0233e-02 1.8507e+02 -1.5070e+00
2.0373e-02 1.8315e+02 -1.5069e+00
2.0515e-02 1.8126e+02 -1.5069e+00
2.0657e-02 1.7938e+02 -1.5068e+00
2.0801e-02 1.7752e+02 -1.5068e+00
2.0945e-02 1.7568e+02 -1.5067e+00
2.1090e-02 1.7386e+02 -1.5067e+00
2.1237e-02 1.7205e+02 -1.5066e+00
2.1384e-02 1.7027e+02 -1.5066e+00
2.1532e-02 1.6851e+02 -1.5065e+00
2.1682e-02 1.6676e+02 -1.5065e+00
2.1832e-02 1.6503e+02 -1.5065e+00
2.1984e-02 1.6332e+02 -1.5064e+00
2.2136e-02 1.6163e+02 -1.5064e+00
2.2290e-02 1.5995e+02 -1.5063e+00
2.2445e-02 1.5830e+02 -1.5063e+00
2.2600e-02 1.5665e+02 -1.5062e+00
2.2757e-02 1.5503e+02 -1.5062e+00
2.2915e-02 1.5342e+02 -1.5061e+00
2.3074e-02 1.5184e+02 -1.5061e+00
2.3234e-02 1.5026e+02 -1.5061e+00
2.3396e-02 1.4871e+02 -1.5060e+00
2.3558e-02 1.4716e+02 -1.5060e+00
2.3721e-02 1.4564e+02 -1.5059e+00
2.3886e-02 1.4413e+02 -1.5059e+00
2.4052e-02 1.4264e+02 -1.5059e+00
2.4219e-02 1.4116e+02 -1.5058e+00
2.4387e-02 1.3970e+02 -1.5058e+00
2.4556e-02 1.3825e+02 -1.5057e+00
2.4726e-02 1.3682e+02 -1.5057e+00
2.4898e-02 1.3540e+02 -1.5057e+00
2.5071e-02 1.3400e+02 -1.5056e+00
2.5245e-02 1.3261e+02 -1.5056e+00
2.5420e-02 1.3124e+02 -1.5055e+00
2.5596e-02 1.2988e+02 -1.5055e+00
2.5774e-02 1.2853e+02 -1.5055e+00
2.5953e-02 1.2720e+02 -1.5054e+00
2.6133e-02 1.2588e+02 -1.5054e+00
2.6314e-02 1.2458e+02 -1.5053e+00
2.6497e-02 1.2329e+02 -1.5053e+00
2.6681e-02 1.2201e+02 -1.5053e+00
2.6866e-02 1.2075e+02 -1.5052e+00
2.7052e-02 1.1950e+02 -1.5052e+00
2.7240e-02 1.1826e+02 -1.5052e+00
2.7429e-02 1.1704e+02 -1.5051e+00
2.7620e-02 1.1583e+02 -1.5051e+00
2.7811e-02 1.1463e+02 -1.5050e+00
2.8004e-02 1.1344e+02 -1.5050e+00
2.8199e-02 1.1226e+02 -1.5050e+00
2.8394e-02 1.1110e+02 -1.5049e+00
2.8591e-02 1.0995e+02 -1.5049e+00
2.8790e-02 1.0881e+02 -1.5049e+00
2.8989e-02 1.0769e+02 -1.5048e+00
2.9191e-02 1.0657e+02 -1.5048e+00
2.9393e-02 1.0547e+02 -1.5048e+00
2.9597e-02 1.0438e+02 -1.5047e+00
2.9803e-02 1.0330e+02 -1.5047e+00
3.0009e-02 1.0223e+02 -1.5047e+00
3.0218e-02 1.0117e+02 -1.5046e+00
3.0427e-02 1.0012e+02 -1.5046e+00
3.0638e-02 9.9085e+01 -1.5046e+00
3.0851e-02 9.8059e+01 -1.5045e+00
3.1065e-02 9.7044e+01 -1.5045e+00
3.1281e-02 9.6040e+01 -1.5045e+00
3.1498e-02 9.5046e+01 -1.5044e+00
3.1716e-02 9.4062e+01 -1.5044e+00
3.1937e-02 9.3089e+01 -1.5044e+00
3.2158e-02 9.2125e+01 -1.5043e+00
3.2381e-02 9.1172e+01 -1.5043e+00
3.2606e-02 9.0228e+01 -1.5043e+00
3.2832e-02 8.9294e+01 -1.5042e+00
3.3060e-02 8.8370e+01 -1.5042e+00
3.3290e-02 8.7456e+01 -1.5042e+00
3.3521e-02 8.6551e+01 -1.5042e+00
3.3753e-02 8.5655e+01 -1.5041e+00
3.3987e-02 8.4769e+01 -1.5041e+00
3.4223e-02 8.3892e+01 -1.5041e+00
3.4461e-02 8.3023e+01 -1.5040e+00
3.4700e-02 8.2164e+01 -1.5040e+00
3.4941e-02 8.1314e+01 -1.5040e+00
3.5183e-02 8.0473e+01 -1.5039e+00
3.5427e-02 7.9640e+01 -1.5039e+00
3.5673e-02 7.8816e+01 -1.5039e+00
3.5921e-02 7.8001e+01 -1.5039e+00
3.6170e-02 7.7194e+01 -1.5038e+00
3.6421e-02 7.6395e+01 -1.5038e+00
3.6674e-02 7.5605e+01 -1.5038e+00
3.6928e-02 7.4823e+01 -1.5037e+00
3.7185e-02 7.4049e+01 -1.5037e+00
3.7443e-02 7.3283e+01 -1.5037e+00
3.7703e-02 7.2524e+01 -1.5036e+00
3.7964e-02 7.1774e+01 -1.5036e+00
3.8228e-02 7.1032e+01 -1.5036e+00
3.8493e-02 7.0297e+01 -1.5036e+00
3.8760e-02 6.9570e+01 -1.5035e+00
3.9029e-02 6.8850e+01 -1.5035e+00
3.9300e-02 6.8138e+01 -1.5035e+00
3.9573e-02 6.7433e+01 -1.5035e+00
3.9847e-02 6.6736e+01 -1.5034e+00
4.0124e-02 6.6045e+01 -1.5034e+00
4.0402e-02 6.5362e+01 -1.5034e+00
4.0683e-02 6.4686e+01 -1.5033e+00
4.0965e-02 6.4017e+01 -1.5033e+00
4.1249e-02 6.3355e+01 -1.5033e+00
4.1535e-02 6.2700e+01 -1.5033e+00
4.1824e-02 6.2051e+01 -1.5032e+00
4.2114e-02 6.1410e+01 -1.5032e+00
4.2406e-02 6.0775e+01 -1.5032e+00
4.2700e-02 6.0146e+01 -1.5032e+00
4.2997e-02 5.9524e+01 -1.5031e+00
4.3295e-02 5.8909e+01 -1.5031e+00
4.3596e-02 5.8299e+01 -1.5031e+00
4.3898e-02 5.7697e+01 -1.5030e+00
4.4203e-02 5.7100e+01 -1.5030e+00
4.4510e-02 5.6509e+01 -1.5030e+00
4.4818e-02 5.5925e+01 -1.5030e+00
4.5129e-02 5.5347e+01 -1.5029e+00
4.5443e-02 5.4775e+01 -1.5029e+00
4.5758e-02 5.4208e+01 -1.5029e+00
4.6076e-02 5.3648e+01 -1.5029e+00
4.6395e-02 5.3093e+01 -1.5028e+00
4.6717e-02 5.2544e+01 -1.5028e+00
4.7041e-02 5.2001e+01 -1.5028e+00
4.7368e-02 5.1463e+01 -1.5028e+00
4.7697e-02 5.0931e+01 -1.5027e+00
4.8028e-02 5.0405e+01 -1.5027e+00
4.8361e-02 4.9884e+01 -1.5027e+00
4.8697e-02 4.9368e+01 -1.5027e+00
4.9034e-02 4.8857e+01 -1.5026e+00
4.9375e-02 4.8352e+01 -1.5026e+00
4.9717e-02 4.7853e+01 -1.5026e+00
5.0062e-02 4.7358e+01 -1.5026e+00
5.0410e-02 4.6868e+01 -1.5025e+00
5.0760e-02 4.6384e+01 -1.5025e+00
5.1112e-02 4.5904e+01 -1.5025e+00
5.1467e-02 4.5430e+01 -1.5025e+00
5.1824e-02 4.4960e+01 -1.5024e+00
5.2183e-02 4.4496e+01 -1.5024e+00
5.2546e-02 4.4036e+01 -1.5024e+00
5.2910e-02 4.3580e+01 -1.5024e+00
5.3277e-02 4.3130e+01 -1.5023e+00
5.3647e-02 4.2684e+01 -1.5023e+00
5.4019e-02 4.2243e+01 -1.5023e+00
5.4394e-02 4.1806e+01 -1.5022e+00
5.4772e-02 4.1374e+01 -1.5022e+00
5.5152e-02 4.0947e+01 -1.5022e+00
5.5535e-02 4.0524e+01 -1.5022e+00
5.5920e-02 4.0105e+01 -1.5021e+00
5.6308e-02 3.9690e+01 -1.5021e+00
5.6699e-02 3.9280e+01 -1.5021e+00
5.7092e-02 3.8874e+01 -1.5021e+00
5.7488e-02 3.8473e+01 -1.5020e+00
5.7887e-02 3.8075e+01 -1.5020e+00
5.8289e-02 3.7682e+01 -1.5020e+00
5.8694e-02 3.7292e+01 -1.5020e+00
5.9101e-02 3.6907e+01 -1.5019e+00
5.9511e-02 3.6525e+01 -1.5019e+00
5.9924e-02 3.6148e+01 -1.5019e+00
6.0340e-02 3.5775e+01 -1.5019e+00
6.0759e-02 3.5405e+01 -1.5018e+00
6.1180e-02 3.5039e+01 -1.5018e+00
6.1605e-02 3.4677e+01 -1.5018e+00
6.2032e-02 3.4319e+01 -1.5017e+00
6.2463e-02 3.3964e+01 -1.5017e+00
6.2896e-02 3.3613e+01 -1.5017e+00
6.3333e-02 3.3266e+01 -1.5017e+00
6.3772e-02 3.2922e+01 -1.5016e+00
6.4215e-02 3.2582e+01 -1.5016e+00
6.4660e-02 3.2246e+01 -1.5016e+00
6.5109e-02 3.1912e+01 -1.5016e+00
6.5561e-02 3.1583e+01 -1.5015e+00
6.6016e-02 3.1257e+01 -1.5015e+00
6.6474e-02 3.0934e+01 -1.5015e+00
6.6935e-02 3.0614e+01 -1.5014e+00
6.7400e-02 3.0298e+01 -1.5014e+00
6.7868e-02 2.9985e+01 -1.5014e+00
6.8339e-02 2.9675e+01 -1.5013e+00
6.8813e-02 2.9369e+01 -1.5013e+00
6.9290e-02 2.9065e+01 -1.5013e+00
6.9771e-02 2.8765e+01 -1.5013e+00
7.0255e-02 2.8468e+01 -1.5012e+00
7.0743e-02 2.8174e+01 -1.5012e+00
7.1234e-02 2.7883e+01 -1.5012e+00
7.1728e-02 2.7595e+01 -1.5011e+00
7.2226e-02 2.7310e+01 -1.5011e+00
7.2727e-02 2.7028e+01 -1.5011e+00
7.3232e-02 2.6749e+01 -1.5010e+00
7.3740e-02 2.6473e+01 -1.5010e+00
7.4252e-02 2.6199e+01 -1.5010e+00
7.4767e-02 2.5929e+01 -1.5009e+00
7.5286e-02 2.5661e+01 -1.5009e+00
7.5808e-02 2.5396e+01 -1.5009e+00
7.6335e-02 2.5134e+01 -1.5008e+00
7.6864e-02 2.4874e+01 -1.5008e+00
7.7398e-02 2.4617e+01 -1.5008e+00
7.7935e-02 2.4363e+01 -1.5007e+00
7.8476e-02 2.4112e+01 -1.5007e+00
7.9020e-02 2.3863e+01 -1.5007e+00
7.9569e-02 2.3616e+01 -1.5006e+00
8.0121e-02 2.3373e+01 -1.5006e+00
8.0677e-02 2.3131e+01 -1.5006e+00
8.1237e-02 2.2893e+01 -1.5005e+00
8.1800e-02 2.2656e+01 -1.5005e+00
8.2368e-02 2.2422e+01 -1.5004e+00
8.2940e-02 2.2191e+01 -1.5004e+00
8.3515e-02 2.1962e+01 -1.5004e+00
8.4095e-02 2.1735e+01 -1.5003e+00
8.4678e-02 2.1511e+01 -1.5003e+00
8.5266e-02 2.1289e+01 -1.5002e+00
8.5858e-02 2.1069e+01 -1.5002e+00
8.6454e-02 2.0852e+01 -1.5002e+00
8.7054e-02 2.0636e+01 -1.5001e+00
8.7658e-02 2.0423e+01 -1.5001e+00
8.8266e-02 2.0213e+01 -1.5000e+00
8.8879e-02 2.0004e+01 -1.5000e+00
8.9495e-02 1.9798e+01 -1.4999e+00
9.0116e-02 1.9593e+01 -1.4999e+00
9.0742e-02 1.9391e+01 -1.4998e+00
9.1371e-02 1.9191e+01 -1.4998e+00
9.2006e-02 1.8993e+01 -1.4997e+00
9.2644e-02 1.8797e+01 -1.4997e+00
9.3287e-02 1.8603e+01 -1.4996e+00
9.3934e-02 1.8411e+01 -1.4996e+00
9.4586e-02 1.8221e+01 -1.4995e+00
9.5243e-02 1.8033e+01 -1.4995e+00
9.5904e-02 1.7847e+01 -1.4994e+00
9.6569e-02 1.7663e+01 -1.4994e+00
9.7239e-02 1.7481e+01 -1.4993e+00
9.7914e-02 1.7301e+01 -1.4993e+00
9.8594e-02 1.7122e+01 -1.4992e+00
9.9278e-02 1.6945e+01 -1.4992e+00
9.9967e-02 1.6771e+01 -1.4991e+00
1.0066e-01 1.6598e+01 -1.4991e+00
1.0136e-01 1.6427e+01 -1.4990e+00
1.0206e-01 1.6257e+01 -1.4989e+00
1.0277e-01 1.6090e+01 -1.4989e+00
1.0348e-01 1.5924e+01 -1.4988e+00
1.0420e-01 1.5759e+01 -1.4987e+00
1.0493e-01 1.5597e+01 -1.4987e+00
1.0565e-01 1.5436e+01 -1.4986e+00
1.0639e-01 1.5277e+01 -1.4985e+00
1.0712e-01 1.5119e+01 -1.4985e+00
1.0787e-01 1.4964e+01 -1.4984e+00
1.0862e-01 1.4809e+01 -1.4983e+00
1.0937e-01 1.4657e+01 -1.4983e+00
1.1013e-01 1.4506e+01 -1.4982e+00
1.1089e-01 1.4356e+01 -1.4981e+00
1.1166e-01 1.4208e+01 -1.4980e+00
1.1244e-01 1.4062e+01 -1.4980e+00
1.1322e-01 1.3917e+01 -1.4979e+00
1.1400e-01 1.3773e+01 -1.4978e+00
1.1480e-01 1.3631e+01 -1.4977e+00
1.1559e-01 1.3491e+01 -1.4976e+00
1.1639e-01 1.3352e+01 -1.4976e+00
1.1720e-01 1.3214e+01 -1.4975e+00
1.1802e-01 1.3078e+01 -1.4974e+00
1.1883e-01 1.2944e+01 -1.4973e+00
1.1966e-01 1.2810e+01 -1.4972e+00
1.2049e-01 1.2678e+01 -1.4971e+00
1.2133e-01 1.2548e+01 -1.4970e+00
1.2217e-01 1.2418e+01 -1.4969e+00
1.2302e-01 1.2291e+01 -1.4968e+00
1.2387e-01 1.2164e+01 -1.4967e+00
1.2473e-01 1.2039e+01 -1.4966e+00
1.2559e-01 1.1915e+01 -1.4965e+00
1.2647e-01 1.1792e+01 -1.4964e+00
1.2734e-01 1.1671e+01 -1.4963e+00
1.2823e-01 1.1551e+01 -1.4962e+00
1.2912e-01 1.1432e+01 -1.4961e+00
1.3001e-01 1.1314e+01 -1.4960e+00
1.3091e-01 1.1198e+01 -1.4959e+00
1.3182e-01 1.1082e+01 -1.4957e+00
1.3274e-01 1.0968e+01 -1.4956e+00
1.3366e-01 1.0855e+01 -1.4955e+00
1.3459e-01 1.0744e+01 -1.4954e+00
1.3552e-01 1.0633e+01 -1.4953e+00
1.3646e-01 1.0524e+01 -1.4951e+00
1.3741e-01 1.0416e+01 -1.4950e+00
1.3836e-01 1.0308e+01 -1.4949e+00
1.3932e-01 1.0202e+01 -1.4947e+00
1.4029e-01 1.0098e+01 -1.4946e+00
1.4126e-01 9.9937e+00 -1.4944e+00
1.4224e-01 9.8909e+00 -1.4943e+00
1.4323e-01 9.7892e+00 -1.4941e+00
1.4422e-01 9.6886e+00 -1.4940e+00
1.4522e-01 9.5890e+00 -1.4938e+00
1.4623e-01 9.4905e+00 -1.4937e+00
1.4725e-01 9.3930e+00 -1.4935e+00
1.4827e-01 9.2965e+00 -1.4933e+00
1.4930e-01 9.2009e+00 -1.4932e+00
1.5033e-01 9.1064e+00 -1.4930e+00
1.5138e-01 9.0129e+00 -1.4928e+00
1.5243e-01 8.9203e+00 -1.4927e+00
1.5349e-01 8.8287e+00 -1.4925e+00
1.5455e-01 8.7381e+00 -1.4923e+00
1.5562e-01 8.6484e+00 -1.4921e+00
1.5670e-01 8.5596e+00 -1.4919e+00
1.5779e-01 8.4717e+00 -1.4917e+00
1.5889e-01 8.3848e+00 -1.4915e+00
1.5999e-01 8.2988e+00 -1.4913e+00
1.6110e-01 8.2136e+00 -1.4911e+00
1.6222e-01 8.1294e+00 -1.4909e+00
1.6334e-01 8.0460e+00 -1.4907e+00
1.6448e-01 7.9635e+00 -1.4904e+00
1.6562e-01 7.8818e+00 -1.4902e+00
1.6677e-01 7.8010e+00 -1.4900e+00
1.6792e-01 7.7210e+00 -1.4897e+00
1.6909e-01 7.6419e+00 -1.4895e+00
1.7026e-01 7.5636e+00 -1.4892e+00
1.7144e-01 7.4861e+00 -1.4890e+00
1.7263e-01 7.4094e+00 -1.4887e+00
1.7383e-01 7.3335e+00 -1.4885e+00
1.7504e-01 7.2584e+00 -1.4882e+00
1.7625e-01 7.1841e+00 -1.4879e+00
1.7748e-01 7.1106e+00 -1.4876e+00
1.7871e-01 7.0378e+00 -1.4874e+00
1.7995e-01 6.9658e+00 -1.4871e+00
1.8120e-01 6.8945e+00 -1.4868e+00
1.8245e-01 6.8240e+00 -1.4865e+00
1.8372e-01 6.7542e+00 -1.4861e+00
1.8500e-01 6.6852e+00 -1.4858e+00
1.8628e-01 6.6169e+00 -1.4855e+00
1.8757e-01 6.5492e+00 -1.4852e+00
1.8887e-01 6.4823e+00 -1.4848e+00
1.9018e-01 6.4161e+00 -1.4845e+00
1.9150e-01 6.3506e+00 -1.4841e+00
1.9283e-01 6.2857e+00 -1.4838e+00
1.9417e-01 6.2216e+00 -1.4834e+00
1.9552e-01 6.1581e+00 -1.4830e+00
1.9688e-01 6.0953e+00 -1.4826e+00
1.9824e-01 6.0331e+00 -1.4823e+00
1.9962e-01 5.9716e+00 -1.4819e+00
2.0100e-01 5.9107e+00 -1.4814e+00
2.0240e-01 5.8505e+00 -1.4810e+00
2.0380e-01 5.7908e+00 -1.4806e+00
2.0522e-01 5.7319e+00 -1.4802e+00
2.0664e-01 5.6735e+00 -1.4797e+00
2.0807e-01 5.6157e+00 -1.4793e+00
2.0952e-01 5.5586e+00 -1.4788e+00
2.1097e-01 5.5020e+00 -1.4783e+00
2.1244e-01 5.4461e+00 -1.4778e+00
2.1391e-01 5.3907e+00 -1.4773e+00
2.1540e-01 5.3359e+00 -1.4768e+00
2.1689e-01 5.2817e+00 -1.4763e+00
2.1840e-01 5.2281e+00 -1.4758e+00
2.1991e-01 5.1750e+00 -1.4752e+00
2.2144e-01 5.1225e+00 -1.4747e+00
2.2297e-01 5.0705e+00 -1.4741e+00
2.2452e-01 5.0191e+00 -1.4735e+00
2.2608e-01 4.9682e+00 -1.4730e+00
2.2765e-01 4.9179e+00 -1.4724e+00
2.2923e-01 4.8681e+00 -1.4717e+00
2.3082e-01 4.8188e+00 -1.4711e+00
2.3242e-01 4.7700e+00 -1.4705e+00
2.3403e-01 4.7218e+00 -1.4698e+00
2.3566e-01 4.6740e+00 -1.4691e+00
2.3729e-01 4.6268e+00 -1.4684e+00
2.3894e-01 4.5801e+00 -1.4677e+00
2.4060e-01 4.5338e+00 -1.4670e+00
2.4227e-01 4.4881e+00 -1.4663e+00
2.4395e-01 4.4428e+00 -1.4655e+00
2.4564e-01 4.3980e+00 -1.4648e+00
2.4735e-01 4.3537e+00 -1.4640e+00
2.4906e-01 4.3098e+00 -1.4632e+00
2.5079e-01 4.2665e+00 -1.4624e+00
2.5253e-01 4.2235e+00 -1.4615e+00
2.5428e-01 4.1811e+00 -1.4607e+00
2.5605e-01 4.1391e+00 -1.4598e+00
2.5783e-01 4.0975e+00 -1.4589e+00
2.5961e-01 4.0564e+00 -1.4580e+00
2.6142e-01 4.0157e+00 -1.4571e+00
2.6323e-01 3.9755e+00 -1.4561e+00
2.6506e-01 3.9356e+00 -1.4551e+00
2.6690e-01 3.8962e+00 -1.4541e+00
2.6875e-01 3.8573e+00 -1.4531e+00
2.7061e-01 3.8187e+00 -1.4521e+00
2.7249e-01 3.7806e+00 -1.4510e+00
2.7438e-01 3.7428e+00 -1.4499e+00
2.7629e-01 3.7055e+00 -1.4488e+00
2.7820e-01 3.6686e+00 -1.4476e+00
2.8014e-01 3.6321e+00 -1.4465e+00
2.8208e-01 3.5959e+00 -1.4453e+00
2.8404e-01 3.5602e+00 -1.4441e+00
2.8601e-01 3.5248e+00 -1.4428e+00
2.8799e-01 3.4898e+00 -1.4415e+00
2.8999e-01 3.4552e+00 -1.4402e+00
2.9200e-01 3.4210e+00 -1.4389e+00
2.9403e-01 3.3871e+00 -1.4375e+00
2.9607e-01 3.3537e+00 -1.4361e+00
2.9813e-01 3.3205e+00 -1.4347e+00
3.0019e-01 3.2878e+00 -1.4333e+00
3.0228e-01 3.2553e+00 -1.4318e+00
3.0437e-01 3.2233e+00 -1.4302e+00
3.0649e-01 3.1916e+00 -1.4287e+00
3.0861e-01 3.1602e+00 -1.4271e+00
3.1076e-01 3.1292e+00 -1.4255e+00
3.1291e-01 3.0985e+00 -1.4238e+00
3.1508e-01 3.0682e+00 -1.4221e+00
3.1727e-01 3.0382e+00 -1.4203e+00
3.1947e-01 3.0085e+00 -1.4185e+00
3.2169e-01 2.9791e+00 -1.4167e+00
3.2392e-01 2.9501e+00 -1.4149e+00
3.2617e-01 2.9214e+00 -1.4129e+00
3.2843e-01 2.8930e+00 -1.4110e+00
3.3071e-01 2.8650e+00 -1.4090e+00
3.3301e-01 2.8372e+00 -1.4070e+00
3.3532e-01 2.8097e+00 -1.4049e+00
3.3764e-01 2.7826e+00 -1.4027e+00
3.3999e-01 2.7558e+00 -1.4006e+00
3.4235e-01 2.7292e+00 -1.3983e+00
3.4472e-01 2.7030e+00 -1.3960e+00
3.4712e-01 2.6770e+00 -1.3937e+00
3.4952e-01 2.6514e+00 -1.3913e+00
3.5195e-01 2.6260e+00 -1.3889e+00
3.5439e-01 2.6009e+00 -1.3864e+00
3.5685e-01 2.5761e+00 -1.3838e+00
3.5933e-01 2.5516e+00 -1.3812e+00
3.6182e-01 2.5274e+00 -1.3786e+00
3.6433e-01 2.5034e+00 -1.3758e+00
3.6686e-01 2.4797e+00 -1.3731e+00
3.6941e-01 2.4563e+00 -1.3702e+00
3.7197e-01 2.4332e+00 -1.3673e+00
3.7455e-01 2.4103e+00 -1.3643e+00
3.7715e-01 2.3877e+00 -1.3613e+00
3.7977e-01 2.3653e+00 -1.3582e+00
3.8240e-01 2.3433e+00 -1.3550e+00
3.8506e-01 2.3214e+00 -1.3518e+00
3.8773e-01 2.2999e+00 -1.3485e+00
3.9042e-01 2.2785e+00 -1.3451e+00
3.9313e-01 2.2575e+00 -1.3416e+00
3.9586e-01 2.2366e+00 -1.3381e+00
3.9861e-01 2.2161e+00 -1.3345e+00
4.0137e-01 2.1957e+00 -1.3308e+00
4.0416e-01 2.1756e+00 -1.3270e+00
4.0696e-01 2.1558e+00 -1.3232e+00
4.0979e-01 2.1362e+00 -1.3193e+00
4.1263e-01 2.1168e+00 -1.3153e+00
4.1549e-01 2.0977e+00 -1.3112e+00
4.1838e-01 2.0788e+00 -1.3070e+00
4.2128e-01 2.0601e+00 -1.3028e+00
4.2420e-01 2.0417e+00 -1.2984e+00
4.2715e-01 2.0234e+00 -1.2940e+00
4.3011e-01 2.0054e+00 -1.2894e+00
4.3310e-01 1.9877e+00 -1.2848e+00
4.3610e-01 1.9701e+00 -1.2801e+00
4.3913e-01 1.9528e+00 -1.2753e+00
4.4218e-01 1.9357e+00 -1.2704e+00
4.4524e-01 1.9188e+00 -1.2655e+00
4.4833e-01 1.9021e+00 -1.2604e+00
4.5144e-01 1.8856e+00 -1.2552e+00
4.5458e-01 1.8694e+00 -1.2499e+00
4.5773e-01 1.8533e+00 -1.2445e+00
4.6091e-01 1.8374e+00 -1.2391e+00
4.6411e-01 1.8218e+00 -1.2335e+00
4.6733e-01 1.8064e+00 -1.2278e+00
4.7057e-01 1.7911e+00 -1.2220e+00
4.7384e-01 1.7761e+00 -1.2161e+00
4.7713e-01 1.7613e+00 -1.2102e+00
4.8044e-01 1.7466e+00 -1.2041e+00
4.8377e-01 1.7322e+00 -1.1979e+00
4.8713e-01 1.7179e+00 -1.1916e+00
4.9051e-01 1.7039e+00 -1.1852e+00
4.9391e-01 1.6900e+00 -1.1787e+00
4.9734e-01 1.6763e+00 -1.1721e+00
5.0079e-01 1.6628e+00 -1.1654e+00
5.0427e-01 1.6495e+00 -1.1586e+00
5.0777e-01 1.6364e+00 -1.1516e+00
5.1129e-01 1.6234e+00 -1.1446e+00
5.1484e-01 1.6107e+00 -1.1375e+00
5.1841e-01 1.5981e+00 -1.1303e+00
5.2201e-01 1.5857e+00 -1.1229e+00
5.2563e-01 1.5735e+00 -1.1155e+00
5.2928e-01 1.5614e+00 -1.1080e+00
5.3295e-01 1.5495e+00 -1.1003e+00
5.3665e-01 1.5378e+00 -1.0926e+00
5.4037e-01 1.5263e+00 -1.0848e+00
5.4412e-01 1.5149e+00 -1.0768e+00
5.4790e-01 1.5037e+00 -1.0688e+00
5.5170e-01 1.4927e+00 -1.0607e+00
5.5553e-01 1.4818e+00 -1.0525e+00
5.5939e-01 1.4711e+00 -1.0442e+00
5.6327e-01 1.4606e+00 -1.0358e+00
5.6718e-01 1.4502e+00 -1.0274e+00
5.7111e-01 1.4400e+00 -1.0188e+00
5.7508e-01 1.4299e+00 -1.0102e+00
5.7907e-01 1.4200e+00 -1.0015e+00
5.8309e-01 1.4102e+00 -9.9271e-01
5.8713e-01 1.4006e+00 -9.8385e-01
5.9121e-01 1.3912e+00 -9.7492e-01
5.9531e-01 1.3819e+00 -9.6593e-01
5.9944e-01 1.3727e+00 -9.5687e-01
6.0360e-01 1.3637e+00 -9.4774e-01
6.0779e-01 1.3548e+00 -9.3856e-01
6.1201e-01 1.3461e+00 -9.2932e-01
6.1625e-01 1.3375e+00 -9.2003e-01
6.2053e-01 1.3291e+00 -9.1069e-01
6.2484e-01 1.3208e+00 -9.0130e-01
6.2917e-01 1.3126e+00 -8.9187e-01
6.3354e-01 1.3046e+00 -8.8239e-01
6.3794e-01 1.2967e+00 -8.7289e-01
6.4236e-01 1.2889e+00 -8.6335e-01
6.4682e-01 1.2813e+00 -8.5378e-01
6.5131e-01 1.2738e+00 -8.4419e-01
6.5583e-01 1.2664e+00 -8.3457e-01
6.6038e-01 1.2592e+00 -8.2494e-01
6.6496e-01 1.2521e+00 -8.1529e-01
6.6958e-01 1.2451e+00 -8.0563e-01
6.7422e-01 1.2382e+00 -7.9597e-01
6.7890e-01 1.2314e+00 -7.8630e-01
6.8361e-01 1.2248e+00 -7.7663e-01
6.8836e-01 1.2183e+00 -7.6697e-01
6.9313e-01 1.2119e+00 -7.5731e-01
6.9795e-01 1.2056e+00 -7.4766e-01
7.0279e-01 1.1994e+00 -7.3803e-01
7.0767e-01 1.1933e+00 -7.2842e-01
7.1258e-01 1.1874e+00 -7.1883e-01
7.1752e-01 1.1815e+00 -7.0927e-01
7.2250e-01 1.1758e+00 -6.9973e-01
7.2751e-01 1.1702e+00 -6.9022e-01
7.3256e-01 1.1646e+00 -6.8075e-01
7.3765e-01 1.1592e+00 -6.7132e-01
7.4277e-01 1.1539e+00 -6.6193e-01
7.4792e-01 1.1486e+00 -6.5258e-01
7.5311e-01 1.1435e+00 -6.4328e-01
7.5834e-01 1.1385e+00 -6.3403e-01
7.6360e-01 1.1335e+00 -6.2483e-01
7.6890e-01 1.1287e+00 -6.1569e-01
7.7424e-01 1.1239e+00 -6.0661e-01
7.7961e-01 1.1192e+00 -5.9758e-01
7.8502e-01 1.1146e+00 -5.8862e-01
7.9047e-01 1.1102e+00 -5.7973e-01
7.9595e-01 1.1057e+00 -5.7090e-01
8.0148e-01 1.1014e+00 -5.6214e-01
8.0704e-01 1.0972e+00 -5.5345e-01
8.1264e-01 1.0930e+00 -5.4483e-01
8.1828e-01 1.0889e+00 -5.3629e-01
8.2396e-01 1.0849e+00 -5.2783e-01
8.2967e-01 1.0810e+00 -5.1944e-01
8.3543e-01 1.0772e+00 -5.1113e-01
8.4123e-01 1.0734e+00 -5.0291e-01
8.4707e-01 1.0697e+00 -4.9477e-01
8.5294e-01 1.0661e+00 -4.8671e-01
8.5886e-01 1.0625e+00 -4.7873e-01
8.6482e-01 1.0590e+00 -4.7084e-01
8.7083e-01 1.0556e+00 -4.6304e-01
8.7687e-01 1.0523e+00 -4.5532e-01
8.8295e-01 1.0490e+00 -4.4770e-01
8.8908e-01 1.0458e+00 -4.4016e-01
8.9525e-01 1.0426e+00 -4.3271e-01
9.0146e-01 1.0395e+00 -4.2535e-01
9.0772e-01 1.0365e+00 -4.1808e-01
9.1402e-01 1.0336e+00 -4.1090e-01
9.2036e-01 1.0306e+00 -4.0382e-01
9.2675e-01 1.0278e+00 -3.9682e-01
9.3318e-01 1.0250e+00 -3.8992e-01
9.3966e-01 1.0223e+00 -3.8310e-01
9.4618e-01 1.0196e+00 -3.7638e-01
9.5274e-01 1.0170e+00 -3.6975e-01
9.5936e-01 1.0144e+00 -3.6322e-01
9.6601e-01 1.0119e+00 -3.5677e-01
9.7272e-01 1.0094e+00 -3.5041e-01
9.7947e-01 1.0070e+00 -3.4415e-01
9.8626e-01 1.0046e+00 -3.3797e-01
9.9311e-01 1.0023e+00 -3.3189e-01
1.0000e+00 1.0000e+00 -3.2589e-01
