9.9900e-04 4.5585e-01 3.3972e-08
1.0059e-03 4.5676e-01 3.3869e-08
1.0129e-03 4.5767e-01 3.3766e-08
1.0199e-03 4.5858e-01 3.3664e-08
1.0270e-03 4.5948e-01 3.3561e-08
1.0341e-03 4.6038e-01 3.3458e-08
1.0413e-03 4.6128e-01 3.3355e-08
1.0486e-03 4.6217e-01 3.3252e-08
1.0558e-03 4.6307e-01 3.3148e-08
1.0632e-03 4.6396e-01 3.3045e-08
1.0705e-03 4.6484e-01 3.2942e-08
1.0780e-03 4.6573e-01 3.2839e-08
1.0854e-03 4.6661e-01 3.2736e-08
1.0930e-03 4.6749e-01 3.2632e-08
1.1006e-03 4.6836e-01 3.2529e-08
1.1082e-03 4.6924e-01 3.2426e-08
1.1159e-03 4.7011e-01 3.2323e-08
1.1236e-03 4.7097e-01 3.2219e-08
1.1314e-03 4.7184e-01 3.2116e-08
1.1393e-03 4.7270e-01 3.2013e-08
1.1472e-03 4.7356e-01 3.1909e-08
1.1551e-03 4.7441e-01 3.1806e-08
1.1632e-03 4.7527e-01 3.1703e-08
1.1712e-03 4.7612e-01 3.1600e-08
1.1794e-03 4.7696e-01 3.1496e-08
1.1875e-03 4.7781e-01 3.1393e-08
1.1958e-03 4.7865e-01 3.1290e-08
1.2041e-03 4.7949e-01 3.1187e-08
1.2124e-03 4.8033e-01 3.1083e-08
1.2209e-03 4.8116e-01 3.0980e-08
1.2293e-03 4.8199e-01 3.0877e-08
1.2379e-03 4.8282e-01 3.0774e-08
1.2465e-03 4.8364e-01 3.0671e-08
1.2551e-03 4.8446e-01 3.0568e-08
1.2638e-03 4.8528e-01 3.0465e-08
1.2726e-03 4.8610e-01 3.0363e-08
1.2814e-03 4.8691e-01 3.0260e-08
1.2903e-03 4.8772e-01 3.0157e-08
1.2993e-03 4.8852e-01 3.0054e-08
1.3083e-03 4.8933e-01 2.9952e-08
1.3174e-03 4.9013e-01 2.9849e-08
1.3265e-03 4.9093e-01 2.9747e-08
1.3357e-03 4.9172e-01 2.9644e-08
1.3450e-03 4.9252e-01 2.9542e-08
1.3543e-03 4.9330e-01 2.9440e-08
1.3637e-03 4.9409e-01 2.9338e-08
1.3732e-03 4.9487e-01 2.9236e-08
1.3827e-03 4.9566e-01 2.9134e-08
1.3923e-03 4.9643e-01 2.9032e-08
1.4020e-03 4.9721e-01 2.8930e-08
1.4117e-03 4.9798e-01 2.8828e-08
1.4215e-03 4.9875e-01 2.8727e-08
1.4313e-03 4.9951e-01 2.8625e-08
1.4413e-03 5.0028e-01 2.8524e-08
1.4513e-03 5.0104e-01 2.8422e-08
1.4614e-03 5.0179e-01 2.8321e-08
1.4715e-03 5.0255e-01 2.8220e-08
1.4817e-03 5.0330e-01 2.8119e-08
1.4920e-03 5.0405e-01 2.8018e-08
1.5023e-03 5.0479e-01 2.7918e-08
1.5128e-03 5.0554e-01 2.7817e-08
1.5233e-03 5.0628e-01 2.7717e-08
1.5338e-03 5.0701e-01 2.7616e-08
1.5445e-03 5.0775e-01 2.7516e-08
1.5552e-03 5.0848e-01 2.7416e-08
1.5660e-03 5.0920e-01 2.7316e-08
1.5769e-03 5.0993e-01 2.7216e-08
1.5878e-03 5.1065e-01 2.7117e-08
1.5988e-03 5.1137e-01 2.7017e-08
1.6099e-03 5.1209e-01 2.6918e-08
1.6211e-03 5.1280e-01 2.6819e-08
1.6323e-03 5.1351e-01 2.6720e-08
1.6437e-03 5.1422e-01 2.6621e-08
1.6551e-03 5.1492e-01 2.6522e-08
1.6666e-03 5.1562e-01 2.6423e-08
1.6781e-03 5.1632e-01 2.6325e-08
1.6898e-03 5.1702e-01 2.6227e-08
1.7015e-03 5.1771e-01 2.6128e-08
1.7133e-03 5.1840e-01 2.6030e-08
1.7252e-03 5.1909e-01 2.5933e-08
1.7372e-03 5.1977e-01 2.5835e-08
1.7492e-03 5.2045e-01 2.5738e-08
1.7614e-03 5.2113e-01 2.5640e-08
1.7736e-03 5.2181e-01 2.5543e-08
1.7859e-03 5.2248e-01 2.5446e-08
1.7983e-03 5.2315e-01 2.5349e-08
1.8108e-03 5.2382e-01 2.5253e-08
1.8233e-03 5.2448e-01 2.5156e-08
1.8360e-03 5.2514e-01 2.5060e-08
1.8487e-03 5.2580e-01 2.4964e-08
1.8616e-03 5.2646e-01 2.4868e-08
1.8745e-03 5.2711e-01 2.4773e-08
1.8875e-03 5.2776e-01 2.4677e-08
1.9006e-03 5.2841e-01 2.4582e-08
1.9138e-03 5.2905e-01 2.4487e-08
1.9270e-03 5.2969e-01 2.4392e-08
1.9404e-03 5.3033e-01 2.4297e-08
1.9539e-03 5.3097e-01 2.4203e-08
1.9674e-03 5.3160e-01 2.4108e-08
1.9811e-03 5.3223e-01 2.4014e-08
1.9948e-03 5.3286e-01 2.3920e-08
2.0087e-03 5.3348e-01 2.3827e-08
2.0226e-03 5.3411e-01 2.3733e-08
2.0367e-03 5.3473e-01 2.3640e-08
2.0508e-03 5.3534e-01 2.3547e-08
2.0650e-03 5.3596e-01 2.3454e-08
2.0794e-03 5.3657e-01 2.3361e-08
2.0938e-03 5.3717e-01 2.3269e-08
2.1083e-03 5.3778e-01 2.3177e-08
2.1230e-03 5.3838e-01 2.3085e-08
2.1377e-03 5.3898e-01 2.2993e-08
2.1525e-03 5.3958e-01 2.2901e-08
2.1675e-03 5.4018e-01 2.2810e-08
2.1825e-03 5.4077e-01 2.2719e-08
2.1976e-03 5.4136e-01 2.2628e-08
2.2129e-03 5.4194e-01 2.2537e-08
2.2283e-03 5.4253e-01 2.2447e-08
2.2437e-03 5.4311e-01 2.2357e-08
2.2593e-03 5.4369e-01 2.2267e-08
2.2750e-03 5.4427e-01 2.2177e-08
2.2908e-03 5.4484e-01 2.2088e-08
2.3067e-03 5.4541e-01 2.1998e-08
2.3227e-03 5.4598e-01 2.1909e-08
2.3388e-03 5.4654e-01 2.1820e-08
2.3550e-03 5.4711e-01 2.1732e-08
2.3713e-03 5.4767e-01 2.1643e-08
2.3878e-03 5.4823e-01 2.1555e-08
2.4044e-03 5.4878e-01 2.1467e-08
2.4211e-03 5.4933e-01 2.1380e-08
2.4379e-03 5.4988e-01 2.1292e-08
2.4548e-03 5.5043e-01 2.1205e-08
2.4718e-03 5.5098e-01 2.1118e-08
2.4890e-03 5.5152e-01 2.1031e-08
2.5062e-03 5.5206e-01 2.0945e-08
2.5236e-03 5.5260e-01 2.0859e-08
2.5411e-03 5.5313e-01 2.0773e-08
2.5588e-03 5.5367e-01 2.0687e-08
2.5765e-03 5.5420e-01 2.0602e-08
2.5944e-03 5.5473e-01 2.0517e-08
2.6124e-03 5.5525e-01 2.0432e-08
2.6306e-03 5.5577e-01 2.0347e-08
2.6488e-03 5.5629e-01 2.0262e-08
2.6672e-03 5.5681e-01 2.0178e-08
2.6857e-03 5.5733e-01 2.0094e-08
2.7043e-03 5.5784e-01 2.0010e-08
2.7231e-03 5.5835e-01 1.9927e-08
2.7420e-03 5.5886e-01 1.9844e-08
2.7610e-03 5.5937e-01 1.9761e-08
2.7802e-03 5.5987e-01 1.9678e-08
2.7995e-03 5.6037e-01 1.9596e-08
2.8189e-03 5.6087e-01 1.9513e-08
2.8385e-03 5.6137e-01 1.9432e-08
2.8582e-03 5.6186e-01 1.9350e-08
2.8780e-03 5.6236e-01 1.9268e-08
2.8980e-03 5.6285e-01 1.9187e-08
2.9181e-03 5.6334e-01 1.9106e-08
2.9383e-03 5.6382e-01 1.9026e-08
2.9587e-03 5.6430e-01 1.8945e-08
2.9793e-03 5.6479e-01 1.8865e-08
2.9999e-03 5.6526e-01 1.8785e-08
3.0208e-03 5.6574e-01 1.8706e-08
3.0417e-03 5.6622e-01 1.8626e-08
3.0628e-03 5.6669e-01 1.8547e-08
3.0841e-03 5.6716e-01 1.8469e-08
3.1055e-03 5.6763e-01 1.8390e-08
3.1270e-03 5.6809e-01 1.8312e-08
3.1487e-03 5.6856e-01 1.8234e-08
3.1706e-03 5.6902e-01 1.8156e-08
3.1926e-03 5.6948e-01 1.8078e-08
3.2147e-03 5.6993e-01 1.8001e-08
3.2371e-03 5.7039e-01 1.7924e-08
3.2595e-03 5.7084e-01 1.7848e-08
3.2821e-03 5.7129e-01 1.7771e-08
3.3049e-03 5.7174e-01 1.7695e-08
3.3279e-03 5.7219e-01 1.7619e-08
3.3509e-03 5.7264e-01 1.7543e-08
3.3742e-03 5.7308e-01 1.7468e-08
3.3976e-03 5.7352e-01 1.7393e-08
3.4212e-03 5.7396e-01 1.7318e-08
3.4449e-03 5.7440e-01 1.7244e-08
3.4688e-03 5.7483e-01 1.7169e-08
3.4929e-03 5.7527e-01 1.7095e-08
3.5172e-03 5.7570e-01 1.7021e-08
3.5416e-03 5.7613e-01 1.6948e-08
3.5661e-03 5.7656e-01 1.6875e-08
3.5909e-03 5.7698e-01 1.6802e-08
3.6158e-03 5.7741e-01 1.6729e-08
3.6409e-03 5.7783e-01 1.6657e-08
3.6662e-03 5.7825e-01 1.6585e-08
3.6916e-03 5.7867e-01 1.6513e-08
3.7172e-03 5.7908e-01 1.6441e-08
3.7430e-03 5.7950e-01 1.6370e-08
3.7690e-03 5.7991e-01 1.6299e-08
3.7952e-03 5.8032e-01 1.6228e-08
3.8215e-03 5.8073e-01 1.6157e-08
3.8480e-03 5.8114e-01 1.6087e-08
3.8747e-03 5.8155e-01 1.6017e-08
3.9016e-03 5.8195e-01 1.5947e-08
3.9287e-03 5.8236e-01 1.5878e-08
3.9559e-03 5.8276e-01 1.5809e-08
3.9834e-03 5.8316e-01 1.5740e-08
4.0110e-03 5.8356e-01 1.5671e-08
4.0389e-03 5.8395e-01 1.5603e-08
4.0669e-03 5.8435e-01 1.5535e-08
4.0951e-03 5.8474e-01 1.5467e-08
4.1235e-03 5.8513e-01 1.5400e-08
4.1522e-03 5.8552e-01 1.5332e-08
4.1810e-03 5.8591e-01 1.5265e-08
4.2100e-03 5.8630e-01 1.5199e-08
4.2392e-03 5.8668e-01 1.5132e-08
4.2686e-03 5.8707e-01 1.5066e-08
4.2982e-03 5.8745e-01 1.5000e-08
4.3281e-03 5.8783e-01 1.4934e-08
4.3581e-03 5.8821e-01 1.4869e-08
4.3884e-03 5.8859e-01 1.4804e-08
4.4188e-03 5.8897e-01 1.4739e-08
4.4495e-03 5.8935e-01 1.4675e-08
4.4803e-03 5.8972e-01 1.4610e-08
4.5114e-03 5.9009e-01 1.4546e-08
4.5427e-03 5.9047e-01 1.4483e-08
4.5743e-03 5.9084e-01 1.4419e-08
4.6060e-03 5.9121e-01 1.4356e-08
4.6380e-03 5.9157e-01 1.4293e-08
4.6702e-03 5.9194e-01 1.4230e-08
4.7026e-03 5.9231e-01 1.4168e-08
4.7352e-03 5.9267e-01 1.4106e-08
4.7681e-03 5.9303e-01 1.4044e-08
4.8012e-03 5.9340e-01 1.3982e-08
4.8345e-03 5.9376e-01 1.3921e-08
4.8680e-03 5.9412e-01 1.3860e-08
4.9018e-03 5.9448e-01 1.3799e-08
4.9358e-03 5.9483e-01 1.3739e-08
4.9701e-03 5.9519e-01 1.3678e-08
5.0046e-03 5.9555e-01 1.3619e-08
5.0393e-03 5.9590e-01 1.3559e-08
5.0743e-03 5.9625e-01 1.3499e-08
5.1095e-03 5.9661e-01 1.3440e-08
5.1449e-03 5.9696e-01 1.3381e-08
5.1806e-03 5.9731e-01 1.3323e-08
5.2166e-03 5.9766e-01 1.3264e-08
5.2528e-03 5.9801e-01 1.3206e-08
5.2893e-03 5.9836e-01 1.3148e-08
5.3260e-03 5.9870e-01 1.3091e-08
5.3629e-03 5.9905e-01 1.3034e-08
5.4001e-03 5.9939e-01 1.2977e-08
5.4376e-03 5.9974e-01 1.2920e-08
5.4753e-03 6.0008e-01 1.2863e-08
5.5133e-03 6.0043e-01 1.2807e-08
5.5516e-03 6.0077e-01 1.2751e-08
5.5901e-03 6.0111e-01 1.2696e-08
5.6289e-03 6.0145e-01 1.2640e-08
5.6680e-03 6.0179e-01 1.2585e-08
5.7073e-03 6.0213e-01 1.2530e-08
5.7469e-03 6.0247e-01 1.2476e-08
5.7868e-03 6.0281e-01 1.2421e-08
5.8270e-03 6.0315e-01 1.2367e-08
5.8674e-03 6.0349e-01 1.2313e-08
5.9081e-03 6.0382e-01 1.2260e-08
5.9491e-03 6.0416e-01 1.2207e-08
5.9904e-03 6.0450e-01 1.2154e-08
6.0320e-03 6.0483e-01 1.2101e-08
6.0738e-03 6.0517e-01 1.2048e-08
6.1160e-03 6.0550e-01 1.1996e-08
6.1584e-03 6.0584e-01 1.1944e-08
6.2012e-03 6.0617e-01 1.1893e-08
6.2442e-03 6.0650e-01 1.1841e-08
6.2875e-03 6.0684e-01 1.1790e-08
6.3312e-03 6.0717e-01 1.1739e-08
6.3751e-03 6.0750e-01 1.1689e-08
6.4193e-03 6.0784e-01 1.1638e-08
6.4639e-03 6.0817e-01 1.1588e-08
6.5087e-03 6.0850e-01 1.1538e-08
6.5539e-03 6.0884e-01 1.1489e-08
6.5994e-03 6.0917e-01 1.1439e-08
6.6452e-03 6.0950e-01 1.1390e-08
6.6913e-03 6.0983e-01 1.1342e-08
6.7377e-03 6.1016e-01 1.1293e-08
6.7845e-03 6.1050e-01 1.1245e-08
6.8316e-03 6.1083e-01 1.1197e-08
6.8790e-03 6.1116e-01 1.1149e-08
6.9267e-03 6.1149e-01 1.1102e-08
6.9748e-03 6.1183e-01 1.1055e-08
7.0232e-03 6.1216e-01 1.1008e-08
7.0719e-03 6.1249e-01 1.0961e-08
7.1210e-03 6.1282e-01 1.0915e-08
7.1704e-03 6.1316e-01 1.0869e-08
7.2202e-03 6.1349e-01 1.0823e-08
7.2703e-03 6.1382e-01 1.0777e-08
7.3208e-03 6.1416e-01 1.0732e-08
7.3716e-03 6.1449e-01 1.0687e-08
7.4227e-03 6.1483e-01 1.0642e-08
7.4742e-03 6.1516e-01 1.0597e-08
7.5261e-03 6.1550e-01 1.0553e-08
7.5783e-03 6.1583e-01 1.0509e-08
7.6309e-03 6.1617e-01 1.0465e-08
7.6839e-03 6.1651e-01 1.0422e-08
7.7372e-03 6.1685e-01 1.0378e-08
7.7909e-03 6.1718e-01 1.0335e-08
7.8450e-03 6.1752e-01 1.0293e-08
7.8994e-03 6.1786e-01 1.0250e-08
7.9542e-03 6.1820e-01 1.0208e-08
8.0094e-03 6.1854e-01 1.0166e-08
8.0650e-03 6.1889e-01 1.0124e-08
8.1210e-03 6.1923e-01 1.0083e-08
8.1773e-03 6.1957e-01 1.0042e-08
8.2341e-03 6.1992e-01 1.0001e-08
8.2912e-03 6.2026e-01 9.9605e-09
8.3487e-03 6.2061e-01 9.9201e-09
8.4067e-03 6.2095e-01 9.8800e-09
8.4650e-03 6.2130e-01 9.8402e-09
8.5238e-03 6.2165e-01 9.8006e-09
8.5829e-03 6.2200e-01 9.7613e-09
8.6425e-03 6.2235e-01 9.7223e-09
8.7025e-03 6.2271e-01 9.6835e-09
8.7628e-03 6.2306e-01 9.6450e-09
8.8237e-03 6.2341e-01 9.6068e-09
8.8849e-03 6.2377e-01 9.5688e-09
8.9466e-03 6.2413e-01 9.5311e-09
9.0086e-03 6.2448e-01 9.4936e-09
9.0712e-03 6.2484e-01 9.4564e-09
9.1341e-03 6.2521e-01 9.4195e-09
9.1975e-03 6.2557e-01 9.3829e-09
9.2613e-03 6.2593e-01 9.3465e-09
9.3256e-03 6.2630e-01 9.3103e-09
9.3903e-03 6.2666e-01 9.2745e-09
9.4555e-03 6.2703e-01 9.2389e-09
9.5211e-03 6.2740e-01 9.2036e-09
9.5872e-03 6.2777e-01 9.1685e-09
9.6537e-03 6.2815e-01 9.1337e-09
9.7207e-03 6.2852e-01 9.0992e-09
9.7881e-03 6.2890e-01 9.0649e-09
9.8561e-03 6.2928e-01 9.0309e-09
9.9245e-03 6.2966e-01 8.9972e-09
9.9933e-03 6.3004e-01 8.9637e-09
1.0063e-02 6.3042e-01 8.9306e-09
1.0133e-02 6.3081e-01 8.8976e-09
1.0203e-02 6.3120e-01 8.8650e-09
1.0274e-02 6.3158e-01 8.8326e-09
1.0345e-02 6.3198e-01 8.8005e-09
1.0417e-02 6.3237e-01 8.7687e-09
1.0489e-02 6.3276e-01 8.7371e-09
1.0562e-02 6.3316e-01 8.7058e-09
1.0635e-02 6.3356e-01 8.6748e-09
1.0709e-02 6.3396e-01 8.6441e-09
1.0783e-02 6.3437e-01 8.6136e-09
1.0858e-02 6.3477e-01 8.5834e-09
1.0933e-02 6.3518e-01 8.5535e-09
1.1009e-02 6.3559e-01 8.5239e-09
1.1086e-02 6.3601e-01 8.4945e-09
1.1163e-02 6.3642e-01 8.4654e-09
1.1240e-02 6.3684e-01 8.4366e-09
1.1318e-02 6.3726e-01 8.4081e-09
1.1397e-02 6.3768e-01 8.3798e-09
1.1476e-02 6.3810e-01 8.3518e-09
1.1555e-02 6.3853e-01 8.3242e-09
1.1636e-02 6.3896e-01 8.2967e-09
1.1716e-02 6.3939e-01 8.2696e-09
1.1798e-02 6.3983e-01 8.2428e-09
1.1879e-02 6.4026e-01 8.2162e-09
1.1962e-02 6.4070e-01 8.1899e-09
1.2045e-02 6.4115e-01 8.1640e-09
1.2128e-02 6.4159e-01 8.1383e-09
1.2213e-02 6.4204e-01 8.1128e-09
1.2297e-02 6.4249e-01 8.0877e-09
1.2383e-02 6.4294e-01 8.0629e-09
1.2469e-02 6.4339e-01 8.0384e-09
1.2555e-02 6.4385e-01 8.0141e-09
1.2642e-02 6.4431e-01 7.9902e-09
1.2730e-02 6.4478e-01 7.9665e-09
1.2818e-02 6.4524e-01 7.9431e-09
1.2907e-02 6.4571e-01 7.9201e-09
1.2997e-02 6.4618e-01 7.8973e-09
1.3087e-02 6.4666e-01 7.8748e-09
1.3178e-02 6.4713e-01 7.8527e-09
1.3269e-02 6.4761e-01 7.8308e-09
1.3361e-02 6.4809e-01 7.8092e-09
1.3454e-02 6.4858e-01 7.7880e-09
1.3548e-02 6.4907e-01 7.7670e-09
1.3642e-02 6.4955e-01 7.7464e-09
1.3736e-02 6.5005e-01 7.7261e-09
1.3832e-02 6.5054e-01 7.7061e-09
1.3928e-02 6.5104e-01 7.6864e-09
1.4024e-02 6.5154e-01 7.6670e-09
1.4122e-02 6.5204e-01 7.6479e-09
1.4220e-02 6.5255e-01 7.6291e-09
1.4318e-02 6.5306e-01 7.6107e-09
1.4418e-02 6.5357e-01 7.5926e-09
1.4518e-02 6.5408e-01 7.5748e-09
1.4618e-02 6.5459e-01 7.5573e-09
1.4720e-02 6.5511e-01 7.5402e-09
1.4822e-02 6.5563e-01 7.5234e-09
1.4925e-02 6.5615e-01 7.5069e-09
1.5028e-02 6.5668e-01 7.4908e-09
1.5133e-02 6.5720e-01 7.4750e-09
1.5238e-02 6.5773e-01 7.4595e-09
1.5343e-02 6.5826e-01 7.4444e-09
1.5450e-02 6.5879e-01 7.4296e-09
1.5557e-02 6.5933e-01 7.4152e-09
1.5665e-02 6.5986e-01 7.4011e-09
1.5774e-02 6.6040e-01 7.3873e-09
1.5883e-02 6.6094e-01 7.3740e-09
1.5994e-02 6.6148e-01 7.3609e-09
1.6105e-02 6.6202e-01 7.3483e-09
1.6216e-02 6.6256e-01 7.3359e-09
1.6329e-02 6.6310e-01 7.3240e-09
1.6442e-02 6.6365e-01 7.3124e-09
1.6556e-02 6.6419e-01 7.3012e-09
1.6671e-02 6.6474e-01 7.2904e-09
1.6787e-02 6.6528e-01 7.2799e-09
1.6903e-02 6.6583e-01 7.2698e-09
1.7021e-02 6.6637e-01 7.2601e-09
1.7139e-02 6.6692e-01 7.2508e-09
1.7258e-02 6.6747e-01 7.2419e-09
1.7377e-02 6.6801e-01 7.2334e-09
1.7498e-02 6.6855e-01 7.2252e-09
1.7619e-02 6.6910e-01 7.2175e-09
1.7742e-02 6.6964e-01 7.2102e-09
1.7865e-02 6.7018e-01 7.2032e-09
1.7989e-02 6.7072e-01 7.1967e-09
1.8114e-02 6.7126e-01 7.1906e-09
1.8239e-02 6.7180e-01 7.1849e-09
1.8366e-02 6.7233e-01 7.1797e-09
1.8493e-02 6.7286e-01 7.1749e-09
1.8622e-02 6.7339e-01 7.1705e-09
1.8751e-02 6.7391e-01 7.1665e-09
1.8881e-02 6.7443e-01 7.1630e-09
1.9012e-02 6.7495e-01 7.1599e-09
1.9144e-02 6.7546e-01 7.1573e-09
1.9277e-02 6.7597e-01 7.1552e-09
1.9411e-02 6.7647e-01 7.1535e-09
1.9545e-02 6.7697e-01 7.1522e-09
1.9681e-02 6.7746e-01 7.1515e-09
1.9818e-02 6.7795e-01 7.1512e-09
1.9955e-02 6.7843e-01 7.1514e-09
2.0094e-02 6.7890e-01 7.1521e-09
2.0233e-02 6.7936e-01 7.1533e-09
2.0373e-02 6.7982e-01 7.1549e-09
2.0515e-02 6.8026e-01 7.1571e-09
2.0657e-02 6.8070e-01 7.1598e-09
2.0801e-02 6.8113e-01 7.1631e-09
2.0945e-02 6.8155e-01 7.1668e-09
2.1090e-02 6.8196e-01 7.1711e-09
2.1237e-02 6.8235e-01 7.1759e-09
2.1384e-02 6.8274e-01 7.1813e-09
2.1532e-02 6.8311e-01 7.1872e-09
2.1682e-02 6.8347e-01 7.1937e-09
2.1832e-02 6.8381e-01 7.2008e-09
2.1984e-02 6.8414e-01 7.2084e-09
2.2136e-02 6.8446e-01 7.2166e-09
2.2290e-02 6.8476e-01 7.2254e-09
2.2445e-02 6.8504e-01 7.2348e-09
2.2600e-02 6.8531e-01 7.2449e-09
2.2757e-02 6.8555e-01 7.2555e-09
2.2915e-02 6.8578e-01 7.2668e-09
2.3074e-02 6.8599e-01 7.2787e-09
2.3234e-02 6.8618e-01 7.2913e-09
2.3396e-02 6.8634e-01 7.3045e-09
2.3558e-02 6.8649e-01 7.3184e-09
2.3721e-02 6.8661e-01 7.3329e-09
2.3886e-02 6.8671e-01 7.3482e-09
2.4052e-02 6.8678e-01 7.3641e-09
2.4219e-02 6.8683e-01 7.3808e-09
2.4387e-02 6.8685e-01 7.3982e-09
2.4556e-02 6.8684e-01 7.4163e-09
2.4726e-02 6.8680e-01 7.4352e-09
2.4898e-02 6.8674e-01 7.4548e-09
2.5071e-02 6.8664e-01 7.4752e-09
2.5245e-02 6.8651e-01 7.4964e-09
2.5420e-02 6.8635e-01 7.5184e-09
2.5596e-02 6.8616e-01 7.5411e-09
2.5774e-02 6.8593e-01 7.5648e-09
2.5953e-02 6.8566e-01 7.5892e-09
2.6133e-02 6.8536e-01 7.6145e-09
2.6314e-02 6.8502e-01 7.6407e-09
2.6497e-02 6.8464e-01 7.6678e-09
2.6681e-02 6.8422e-01 7.6958e-09
2.6866e-02 6.8376e-01 7.7247e-09
2.7052e-02 6.8325e-01 7.7546e-09
2.7240e-02 6.8271e-01 7.7854e-09
2.7429e-02 6.8211e-01 7.8171e-09
2.7620e-02 6.8147e-01 7.8499e-09
2.7811e-02 6.8079e-01 7.8837e-09
2.8004e-02 6.8006e-01 7.9185e-09
2.8199e-02 6.7927e-01 7.9544e-09
2.8394e-02 6.7844e-01 7.9914e-09
2.8591e-02 6.7756e-01 8.0294e-09
2.8790e-02 6.7662e-01 8.0686e-09
2.8989e-02 6.7563e-01 8.1090e-09
2.9191e-02 6.7459e-01 8.1505e-09
2.9393e-02 6.7349e-01 8.1932e-09
2.9597e-02 6.7233e-01 8.2371e-09
2.9803e-02 6.7112e-01 8.2823e-09
3.0009e-02 6.6985e-01 8.3288e-09
3.0218e-02 6.6852e-01 8.3765e-09
3.0427e-02 6.6713e-01 8.4257e-09
3.0638e-02 6.6568e-01 8.4761e-09
3.0851e-02 6.6416e-01 8.5280e-09
3.1065e-02 6.6259e-01 8.5814e-09
3.1281e-02 6.6095e-01 8.6362e-09
3.1498e-02 6.5925e-01 8.6925e-09
3.1716e-02 6.5748e-01 8.7503e-09
3.1937e-02 6.5565e-01 8.8097e-09
3.2158e-02 6.5376e-01 8.8708e-09
3.2381e-02 6.5179e-01 8.9335e-09
3.2606e-02 6.4977e-01 8.9979e-09
3.2832e-02 6.4767e-01 9.0641e-09
3.3060e-02 6.4551e-01 9.1320e-09
3.3290e-02 6.4328e-01 9.2018e-09
3.3521e-02 6.4099e-01 9.2735e-09
3.3753e-02 6.3863e-01 9.3472e-09
3.3987e-02 6.3620e-01 9.4228e-09
3.4223e-02 6.3371e-01 9.5005e-09
3.4461e-02 6.3115e-01 9.5803e-09
3.4700e-02 6.2852e-01 9.6623e-09
3.4941e-02 6.2583e-01 9.7465e-09
3.5183e-02 6.2308e-01 9.8329e-09
3.5427e-02 6.2025e-01 9.9218e-09
3.5673e-02 6.1737e-01 1.0013e-08
3.5921e-02 6.1442e-01 1.0107e-08
3.6170e-02 6.1141e-01 1.0203e-08
3.6421e-02 6.0834e-01 1.0302e-08
3.6674e-02 6.0521e-01 1.0404e-08
3.6928e-02 6.0202e-01 1.0509e-08
3.7185e-02 5.9877e-01 1.0616e-08
3.7443e-02 5.9547e-01 1.0727e-08
3.7703e-02 5.9211e-01 1.0840e-08
3.7964e-02 5.8870e-01 1.0957e-08
3.8228e-02 5.8523e-01 1.1077e-08
3.8493e-02 5.8172e-01 1.1201e-08
3.8760e-02 5.7816e-01 1.1328e-08
3.9029e-02 5.7454e-01 1.1459e-08
3.9300e-02 5.7089e-01 1.1593e-08
3.9573e-02 5.6719e-01 1.1731e-08
3.9847e-02 5.6345e-01 1.1874e-08
4.0124e-02 5.5967e-01 1.2020e-08
4.0402e-02 5.5586e-01 1.2171e-08
4.0683e-02 5.5201e-01 1.2326e-08
4.0965e-02 5.4813e-01 1.2486e-08
4.1249e-02 5.4421e-01 1.2650e-08
4.1535e-02 5.4027e-01 1.2820e-08
4.1824e-02 5.3631e-01 1.2994e-08
4.2114e-02 5.3232e-01 1.3174e-08
4.2406e-02 5.2831e-01 1.3359e-08
4.2700e-02 5.2428e-01 1.3550e-08
4.2997e-02 5.2024e-01 1.3747e-08
4.3295e-02 5.1619e-01 1.3950e-08
4.3596e-02 5.1212e-01 1.4159e-08
4.3898e-02 5.0805e-01 1.4375e-08
4.4203e-02 5.0397e-01 1.4597e-08
4.4510e-02 4.9988e-01 1.4827e-08
4.4818e-02 4.9580e-01 1.5063e-08
4.5129e-02 4.9172e-01 1.5308e-08
4.5443e-02 4.8764e-01 1.5560e-08
4.5758e-02 4.8357e-01 1.5820e-08
4.6076e-02 4.7950e-01 1.6089e-08
4.6395e-02 4.7545e-01 1.6366e-08
4.6717e-02 4.7142e-01 1.6652e-08
4.7041e-02 4.6739e-01 1.6948e-08
4.7368e-02 4.6339e-01 1.7254e-08
4.7697e-02 4.5941e-01 1.7569e-08
4.8028e-02 4.5544e-01 1.7896e-08
4.8361e-02 4.5151e-01 1.8233e-08
4.8697e-02 4.4760e-01 1.8582e-08
4.9034e-02 4.4371e-01 1.8942e-08
4.9375e-02 4.3986e-01 1.9315e-08
4.9717e-02 4.3604e-01 1.9700e-08
5.0062e-02 4.3225e-01 2.0099e-08
5.0410e-02 4.2850e-01 2.0511e-08
5.0760e-02 4.2478e-01 2.0938e-08
5.1112e-02 4.2110e-01 2.1379e-08
5.1467e-02 4.1746e-01 2.1836e-08
5.1824e-02 4.1386e-01 2.2309e-08
5.2183e-02 4.1030e-01 2.2799e-08
5.2546e-02 4.0678e-01 2.3306e-08
5.2910e-02 4.0331e-01 2.3831e-08
5.3277e-02 3.9989e-01 2.4374e-08
5.3647e-02 3.9651e-01 2.4938e-08
5.4019e-02 3.9317e-01 2.5521e-08
5.4394e-02 3.8988e-01 2.6126e-08
5.4772e-02 3.8664e-01 2.6752e-08
5.5152e-02 3.8345e-01 2.7401e-08
5.5535e-02 3.8031e-01 2.8074e-08
5.5920e-02 3.7722e-01 2.8772e-08
5.6308e-02 3.7418e-01 2.9496e-08
5.6699e-02 3.7119e-01 3.0246e-08
5.7092e-02 3.6825e-01 3.1023e-08
5.7488e-02 3.6536e-01 3.1830e-08
5.7887e-02 3.6252e-01 3.2667e-08
5.8289e-02 3.5973e-01 3.3535e-08
5.8694e-02 3.5699e-01 3.4435e-08
5.9101e-02 3.5431e-01 3.5370e-08
5.9511e-02 3.5167e-01 3.6340e-08
5.9924e-02 3.4909e-01 3.7346e-08
6.0340e-02 3.4656e-01 3.8391e-08
6.0759e-02 3.4407e-01 3.9475e-08
6.1180e-02 3.4164e-01 4.0601e-08
6.1605e-02 3.3926e-01 4.1770e-08
6.2032e-02 3.3692e-01 4.2984e-08
6.2463e-02 3.3464e-01 4.4244e-08
6.2896e-02 3.3240e-01 4.5553e-08
6.3333e-02 3.3021e-01 4.6912e-08
6.3772e-02 3.2807e-01 4.8325e-08
6.4215e-02 3.2598e-01 4.9792e-08
6.4660e-02 3.2393e-01 5.1316e-08
6.5109e-02 3.2193e-01 5.2899e-08
6.5561e-02 3.1998e-01 5.4545e-08
6.6016e-02 3.1807e-01 5.6255e-08
6.6474e-02 3.1620e-01 5.8032e-08
6.6935e-02 3.1438e-01 5.9879e-08
6.7400e-02 3.1260e-01 6.1799e-08
6.7868e-02 3.1087e-01 6.3794e-08
6.8339e-02 3.0917e-01 6.5869e-08
6.8813e-02 3.0752e-01 6.8025e-08
6.9290e-02 3.0591e-01 7.0268e-08
6.9771e-02 3.0434e-01 7.2599e-08
7.0255e-02 3.0280e-01 7.5024e-08
7.0743e-02 3.0131e-01 7.7545e-08
7.1234e-02 2.9985e-01 8.0167e-08
7.1728e-02 2.9843e-01 8.2894e-08
7.2226e-02 2.9704e-01 8.5730e-08
7.2727e-02 2.9569e-01 8.8680e-08
7.3232e-02 2.9438e-01 9.1749e-08
7.3740e-02 2.9310e-01 9.4942e-08
7.4252e-02 2.9185e-01 9.8263e-08
7.4767e-02 2.9064e-01 1.0172e-07
7.5286e-02 2.8946e-01 1.0531e-07
7.5808e-02 2.8831e-01 1.0905e-07
7.6335e-02 2.8719e-01 1.1295e-07
7.6864e-02 2.8610e-01 1.1700e-07
7.7398e-02 2.8504e-01 1.2121e-07
7.7935e-02 2.8401e-01 1.2560e-07
7.8476e-02 2.8300e-01 1.3016e-07
7.9020e-02 2.8203e-01 1.3491e-07
7.9569e-02 2.8108e-01 1.3986e-07
8.0121e-02 2.8016e-01 1.4501e-07
8.0677e-02 2.7926e-01 1.5036e-07
8.1237e-02 2.7839e-01 1.5594e-07
8.1800e-02 2.7754e-01 1.6175e-07
8.2368e-02 2.7671e-01 1.6779e-07
8.2940e-02 2.7591e-01 1.7408e-07
8.3515e-02 2.7514e-01 1.8063e-07
8.4095e-02 2.7438e-01 1.8745e-07
8.4678e-02 2.7364e-01 1.9455e-07
8.5266e-02 2.7293e-01 2.0195e-07
8.5858e-02 2.7224e-01 2.0964e-07
8.6454e-02 2.7156e-01 2.1766e-07
8.7054e-02 2.7091e-01 2.2601e-07
8.7658e-02 2.7027e-01 2.3470e-07
8.8266e-02 2.6966e-01 2.4375e-07
8.8879e-02 2.6906e-01 2.5317e-07
8.9495e-02 2.6847e-01 2.6299e-07
9.0116e-02 2.6791e-01 2.7321e-07
9.0742e-02 2.6736e-01 2.8385e-07
9.1371e-02 2.6683e-01 2.9494e-07
9.2006e-02 2.6631e-01 3.0649e-07
9.2644e-02 2.6581e-01 3.1851e-07
9.3287e-02 2.6533e-01 3.3104e-07
9.3934e-02 2.6485e-01 3.4409e-07
9.4586e-02 2.6440e-01 3.5768e-07
9.5243e-02 2.6395e-01 3.7183e-07
9.5904e-02 2.6352e-01 3.8657e-07
9.6569e-02 2.6310e-01 4.0193e-07
9.7239e-02 2.6270e-01 4.1793e-07
9.7914e-02 2.6231e-01 4.3459e-07
9.8594e-02 2.6193e-01 4.5195e-07
9.9278e-02 2.6156e-01 4.7003e-07
9.9967e-02 2.6120e-01 4.8887e-07
1.0066e-01 2.6085e-01 5.0850e-07
1.0136e-01 2.6051e-01 5.2894e-07
1.0206e-01 2.6019e-01 5.5024e-07
1.0277e-01 2.5987e-01 5.7242e-07
1.0348e-01 2.5957e-01 5.9554e-07
1.0420e-01 2.5927e-01 6.1962e-07
1.0493e-01 2.5898e-01 6.4471e-07
1.0565e-01 2.5870e-01 6.7085e-07
1.0639e-01 2.5843e-01 6.9808e-07
1.0712e-01 2.5817e-01 7.2646e-07
1.0787e-01 2.5792e-01 7.5602e-07
1.0862e-01 2.5767e-01 7.8682e-07
1.0937e-01 2.5744e-01 8.1891e-07
1.1013e-01 2.5721e-01 8.5234e-07
1.1089e-01 2.5698e-01 8.8717e-07
1.1166e-01 2.5677e-01 9.2347e-07
1.1244e-01 2.5656e-01 9.6129e-07
1.1322e-01 2.5636e-01 1.0007e-06
1.1400e-01 2.5616e-01 1.0417e-06
1.1480e-01 2.5598e-01 1.0845e-06
1.1559e-01 2.5579e-01 1.1291e-06
1.1639e-01 2.5562e-01 1.1755e-06
1.1720e-01 2.5545e-01 1.2239e-06
1.1802e-01 2.5528e-01 1.2744e-06
1.1883e-01 2.5512e-01 1.3269e-06
1.1966e-01 2.5497e-01 1.3817e-06
1.2049e-01 2.5482e-01 1.4387e-06
1.2133e-01 2.5468e-01 1.4981e-06
1.2217e-01 2.5454e-01 1.5601e-06
1.2302e-01 2.5440e-01 1.6246e-06
1.2387e-01 2.5427e-01 1.6919e-06
1.2473e-01 2.5415e-01 1.7620e-06
1.2559e-01 2.5403e-01 1.8350e-06
1.2647e-01 2.5391e-01 1.9111e-06
1.2734e-01 2.5380e-01 1.9904e-06
1.2823e-01 2.5369e-01 2.0730e-06
1.2912e-01 2.5359e-01 2.1591e-06
1.3001e-01 2.5349e-01 2.2488e-06
1.3091e-01 2.5340e-01 2.3423e-06
1.3182e-01 2.5330e-01 2.4397e-06
1.3274e-01 2.5321e-01 2.5412e-06
1.3366e-01 2.5313e-01 2.6470e-06
1.3459e-01 2.5305e-01 2.7572e-06
1.3552e-01 2.5297e-01 2.8721e-06
1.3646e-01 2.5289e-01 2.9918e-06
1.3741e-01 2.5282e-01 3.1165e-06
1.3836e-01 2.5275e-01 3.2464e-06
1.3932e-01 2.5268e-01 3.3819e-06
1.4029e-01 2.5262e-01 3.5230e-06
1.4126e-01 2.5256e-01 3.6700e-06
1.4224e-01 2.5250e-01 3.8233e-06
1.4323e-01 2.5245e-01 3.9829e-06
1.4422e-01 2.5239e-01 4.1493e-06
1.4522e-01 2.5234e-01 4.3227e-06
1.4623e-01 2.5230e-01 4.5033e-06
1.4725e-01 2.5225e-01 4.6916e-06
1.4827e-01 2.5221e-01 4.8878e-06
1.4930e-01 2.5217e-01 5.0922e-06
1.5033e-01 2.5213e-01 5.3052e-06
1.5138e-01 2.5209e-01 5.5271e-06
1.5243e-01 2.5206e-01 5.7584e-06
1.5349e-01 2.5203e-01 5.9994e-06
1.5455e-01 2.5200e-01 6.2505e-06
1.5562e-01 2.5197e-01 6.5121e-06
1.5670e-01 2.5195e-01 6.7848e-06
1.5779e-01 2.5192e-01 7.0689e-06
1.5889e-01 2.5190e-01 7.3649e-06
1.5999e-01 2.5188e-01 7.6733e-06
1.6110e-01 2.5186e-01 7.9947e-06
1.6222e-01 2.5185e-01 8.3296e-06
1.6334e-01 2.5183e-01 8.6786e-06
1.6448e-01 2.5182e-01 9.0422e-06
1.6562e-01 2.5181e-01 9.4210e-06
1.6677e-01 2.5180e-01 9.8157e-06
1.6792e-01 2.5179e-01 1.0227e-05
1.6909e-01 2.5179e-01 1.0656e-05
1.7026e-01 2.5178e-01 1.1102e-05
1.7144e-01 2.5178e-01 1.1567e-05
1.7263e-01 2.5178e-01 1.2052e-05
1.7383e-01 2.5178e-01 1.2557e-05
1.7504e-01 2.5178e-01 1.3083e-05
1.7625e-01 2.5179e-01 1.3632e-05
1.7748e-01 2.5179e-01 1.4203e-05
1.7871e-01 2.5180e-01 1.4798e-05
1.7995e-01 2.5181e-01 1.5418e-05
1.8120e-01 2.5182e-01 1.6064e-05
1.8245e-01 2.5183e-01 1.6737e-05
1.8372e-01 2.5184e-01 1.7438e-05
1.8500e-01 2.5186e-01 1.8169e-05
1.8628e-01 2.5187e-01 1.8930e-05
1.8757e-01 2.5189e-01 1.9723e-05
1.8887e-01 2.5191e-01 2.0549e-05
1.9018e-01 2.5193e-01 2.1410e-05
1.9150e-01 2.5195e-01 2.2306e-05
1.9283e-01 2.5197e-01 2.3241e-05
1.9417e-01 2.5200e-01 2.4214e-05
1.9552e-01 2.5202e-01 2.5227e-05
1.9688e-01 2.5205e-01 2.6283e-05
1.9824e-01 2.5208e-01 2.7383e-05
1.9962e-01 2.5211e-01 2.8529e-05
2.0100e-01 2.5214e-01 2.9723e-05
2.0240e-01 2.5217e-01 3.0967e-05
2.0380e-01 2.5221e-01 3.2262e-05
2.0522e-01 2.5225e-01 3.3611e-05
2.0664e-01 2.5228e-01 3.5017e-05
2.0807e-01 2.5232e-01 3.6481e-05
2.0952e-01 2.5236e-01 3.8006e-05
2.1097e-01 2.5241e-01 3.9594e-05
2.1244e-01 2.5245e-01 4.1249e-05
2.1391e-01 2.5250e-01 4.2972e-05
2.1540e-01 2.5254e-01 4.4767e-05
2.1689e-01 2.5259e-01 4.6637e-05
2.1840e-01 2.5264e-01 4.8584e-05
2.1991e-01 2.5269e-01 5.0612e-05
2.2144e-01 2.5275e-01 5.2724e-05
2.2297e-01 2.5280e-01 5.4923e-05
2.2452e-01 2.5286e-01 5.7214e-05
2.2608e-01 2.5292e-01 5.9600e-05
2.2765e-01 2.5298e-01 6.2085e-05
2.2923e-01 2.5304e-01 6.4672e-05
2.3082e-01 2.5310e-01 6.7367e-05
2.3242e-01 2.5317e-01 7.0173e-05
2.3403e-01 2.5323e-01 7.3095e-05
2.3566e-01 2.5330e-01 7.6138e-05
2.3729e-01 2.5337e-01 7.9306e-05
2.3894e-01 2.5345e-01 8.2605e-05
2.4060e-01 2.5352e-01 8.6041e-05
2.4227e-01 2.5360e-01 8.9618e-05
2.4395e-01 2.5368e-01 9.3342e-05
2.4564e-01 2.5376e-01 9.7220e-05
2.4735e-01 2.5384e-01 1.0126e-04
2.4906e-01 2.5393e-01 1.0546e-04
2.5079e-01 2.5402e-01 1.0984e-04
2.5253e-01 2.5410e-01 1.1439e-04
2.5428e-01 2.5420e-01 1.1914e-04
2.5605e-01 2.5429e-01 1.2407e-04
2.5783e-01 2.5439e-01 1.2921e-04
2.5961e-01 2.5449e-01 1.3457e-04
2.6142e-01 2.5459e-01 1.4014e-04
2.6323e-01 2.5469e-01 1.4593e-04
2.6506e-01 2.5480e-01 1.5197e-04
2.6690e-01 2.5491e-01 1.5825e-04
2.6875e-01 2.5502e-01 1.6479e-04
2.7061e-01 2.5513e-01 1.7159e-04
2.7249e-01 2.5525e-01 1.7868e-04
2.7438e-01 2.5537e-01 1.8605e-04
2.7629e-01 2.5549e-01 1.9372e-04
2.7820e-01 2.5562e-01 2.0170e-04
2.8014e-01 2.5575e-01 2.1001e-04
2.8208e-01 2.5588e-01 2.1865e-04
2.8404e-01 2.5601e-01 2.2765e-04
2.8601e-01 2.5615e-01 2.3701e-04
2.8799e-01 2.5629e-01 2.4674e-04
2.8999e-01 2.5644e-01 2.5688e-04
2.9200e-01 2.5659e-01 2.6742e-04
2.9403e-01 2.5674e-01 2.7839e-04
2.9607e-01 2.5689e-01 2.8980e-04
2.9813e-01 2.5705e-01 3.0167e-04
3.0019e-01 2.5721e-01 3.1401e-04
3.0228e-01 2.5738e-01 3.2686e-04
3.0437e-01 2.5755e-01 3.4021e-04
3.0649e-01 2.5773e-01 3.5411e-04
3.0861e-01 2.5791e-01 3.6856e-04
3.1076e-01 2.5809e-01 3.8359e-04
3.1291e-01 2.5828e-01 3.9922e-04
3.1508e-01 2.5847e-01 4.1548e-04
3.1727e-01 2.5866e-01 4.3238e-04
3.1947e-01 2.5886e-01 4.4996e-04
3.2169e-01 2.5907e-01 4.6824e-04
3.2392e-01 2.5928e-01 4.8724e-04
3.2617e-01 2.5949e-01 5.0699e-04
3.2843e-01 2.5971e-01 5.2753e-04
3.3071e-01 2.5994e-01 5.4888e-04
3.3301e-01 2.6017e-01 5.7108e-04
3.3532e-01 2.6041e-01 5.9415e-04
3.3764e-01 2.6065e-01 6.1813e-04
3.3999e-01 2.6090e-01 6.4305e-04
3.4235e-01 2.6115e-01 6.6895e-04
3.4472e-01 2.6141e-01 6.9587e-04
3.4712e-01 2.6167e-01 7.2384e-04
3.4952e-01 2.6195e-01 7.5290e-04
3.5195e-01 2.6222e-01 7.8310e-04
3.5439e-01 2.6251e-01 8.1447e-04
3.5685e-01 2.6280e-01 8.4707e-04
3.5933e-01 2.6310e-01 8.8093e-04
3.6182e-01 2.6340e-01 9.1610e-04
3.6433e-01 2.6371e-01 9.5263e-04
3.6686e-01 2.6403e-01 9.9057e-04
3.6941e-01 2.6436e-01 1.0300e-03
3.7197e-01 2.6469e-01 1.0709e-03
3.7455e-01 2.6504e-01 1.1134e-03
3.7715e-01 2.6539e-01 1.1575e-03
3.7977e-01 2.6575e-01 1.2033e-03
3.8240e-01 2.6611e-01 1.2509e-03
3.8506e-01 2.6649e-01 1.3002e-03
3.8773e-01 2.6687e-01 1.3514e-03
3.9042e-01 2.6727e-01 1.4046e-03
3.9313e-01 2.6767e-01 1.4598e-03
3.9586e-01 2.6808e-01 1.5171e-03
3.9861e-01 2.6850e-01 1.5765e-03
4.0137e-01 2.6894e-01 1.6381e-03
4.0416e-01 2.6938e-01 1.7021e-03
4.0696e-01 2.6983e-01 1.7685e-03
4.0979e-01 2.7029e-01 1.8373e-03
4.1263e-01 2.7077e-01 1.9087e-03
4.1549e-01 2.7125e-01 1.9827e-03
4.1838e-01 2.7175e-01 2.0594e-03
4.2128e-01 2.7225e-01 2.1390e-03
4.2420e-01 2.7277e-01 2.2215e-03
4.2715e-01 2.7330e-01 2.3071e-03
4.3011e-01 2.7384e-01 2.3957e-03
4.3310e-01 2.7440e-01 2.4876e-03
4.3610e-01 2.7497e-01 2.5828e-03
4.3913e-01 2.7555e-01 2.6815e-03
4.4218e-01 2.7614e-01 2.7837e-03
4.4524e-01 2.7675e-01 2.8896e-03
4.4833e-01 2.7737e-01 2.9993e-03
4.5144e-01 2.7800e-01 3.1129e-03
4.5458e-01 2.7865e-01 3.2306e-03
4.5773e-01 2.7932e-01 3.3524e-03
4.6091e-01 2.8000e-01 3.4785e-03
4.6411e-01 2.8069e-01 3.6091e-03
4.6733e-01 2.8140e-01 3.7443e-03
4.7057e-01 2.8212e-01 3.8841e-03
4.7384e-01 2.8286e-01 4.0289e-03
4.7713e-01 2.8362e-01 4.1787e-03
4.8044e-01 2.8439e-01 4.3336e-03
4.8377e-01 2.8518e-01 4.4939e-03
4.8713e-01 2.8599e-01 4.6596e-03
4.9051e-01 2.8681e-01 4.8310e-03
4.9391e-01 2.8766e-01 5.0082e-03
4.9734e-01 2.8851e-01 5.1914e-03
5.0079e-01 2.8939e-01 5.3808e-03
5.0427e-01 2.9029e-01 5.5765e-03
5.0777e-01 2.9120e-01 5.7788e-03
5.1129e-01 2.9214e-01 5.9877e-03
5.1484e-01 2.9309e-01 6.2036e-03
5.1841e-01 2.9406e-01 6.4265e-03
5.2201e-01 2.9505e-01 6.6567e-03
5.2563e-01 2.9606e-01 6.8944e-03
5.2928e-01 2.9710e-01 7.1398e-03
5.3295e-01 2.9815e-01 7.3931e-03
5.3665e-01 2.9922e-01 7.6544e-03
5.4037e-01 3.0031e-01 7.9241e-03
5.4412e-01 3.0143e-01 8.2023e-03
5.4790e-01 3.0256e-01 8.4893e-03
5.5170e-01 3.0372e-01 8.7852e-03
5.5553e-01 3.0489e-01 9.0904e-03
5.5939e-01 3.0609e-01 9.4049e-03
5.6327e-01 3.0731e-01 9.7291e-03
5.6718e-01 3.0856e-01 1.0063e-02
5.7111e-01 3.0982e-01 1.0407e-02
5.7508e-01 3.1111e-01 1.0762e-02
5.7907e-01 3.1242e-01 1.1127e-02
5.8309e-01 3.1375e-01 1.1503e-02
5.8713e-01 3.1510e-01 1.1890e-02
5.9121e-01 3.1648e-01 1.2288e-02
5.9531e-01 3.1787e-01 1.2698e-02
5.9944e-01 3.1929e-01 1.3120e-02
6.0360e-01 3.2074e-01 1.3554e-02
6.0779e-01 3.2220e-01 1.4000e-02
6.1201e-01 3.2369e-01 1.4459e-02
6.1625e-01 3.2519e-01 1.4930e-02
6.2053e-01 3.2672e-01 1.5415e-02
6.2484e-01 3.2828e-01 1.5913e-02
6.2917e-01 3.2985e-01 1.6424e-02
6.3354e-01 3.3144e-01 1.6950e-02
6.3794e-01 3.3306e-01 1.7489e-02
6.4236e-01 3.3469e-01 1.8043e-02
6.4682e-01 3.3635e-01 1.8611e-02
6.5131e-01 3.3802e-01 1.9194e-02
6.5583e-01 3.3972e-01 1.9792e-02
6.6038e-01 3.4143e-01 2.0406e-02
6.6496e-01 3.4316e-01 2.1035e-02
6.6958e-01 3.4492e-01 2.1679e-02
6.7422e-01 3.4668e-01 2.2340e-02
6.7890e-01 3.4847e-01 2.3017e-02
6.8361e-01 3.5027e-01 2.3711e-02
6.8836e-01 3.5209e-01 2.4421e-02
6.9313e-01 3.5393e-01 2.5148e-02
6.9795e-01 3.5577e-01 2.5892e-02
7.0279e-01 3.5764e-01 2.6654e-02
7.0767e-01 3.5951e-01 2.7433e-02
7.1258e-01 3.6140e-01 2.8229e-02
7.1752e-01 3.6330e-01 2.9044e-02
7.2250e-01 3.6521e-01 2.9877e-02
7.2751e-01 3.6713e-01 3.0728e-02
7.3256e-01 3.6906e-01 3.1597e-02
7.3765e-01 3.7099e-01 3.2485e-02
7.4277e-01 3.7294e-01 3.3392e-02
7.4792e-01 3.7488e-01 3.4318e-02
7.5311e-01 3.7684e-01 3.5263e-02
7.5834e-01 3.7879e-01 3.6227e-02
7.6360e-01 3.8075e-01 3.7210e-02
7.6890e-01 3.8271e-01 3.8213e-02
7.7424e-01 3.8466e-01 3.9235e-02
7.7961e-01 3.8662e-01 4.0276e-02
7.8502e-01 3.8857e-01 4.1338e-02
7.9047e-01 3.9052e-01 4.2419e-02
7.9595e-01 3.9246e-01 4.3520e-02
8.0148e-01 3.9440e-01 4.4640e-02
8.0704e-01 3.9632e-01 4.5781e-02
8.1264e-01 3.9824e-01 4.6941e-02
8.1828e-01 4.0014e-01 4.8122e-02
8.2396e-01 4.0203e-01 4.9322e-02
8.2967e-01 4.0391e-01 5.0542e-02
8.3543e-01 4.0577e-01 5.1782e-02
8.4123e-01 4.0761e-01 5.3042e-02
8.4707e-01 4.0943e-01 5.4321e-02
8.5294e-01 4.1123e-01 5.5621e-02
8.5886e-01 4.1300e-01 5.6940e-02
8.6482e-01 4.1475e-01 5.8278e-02
8.7083e-01 4.1648e-01 5.9636e-02
8.7687e-01 4.1817e-01 6.1013e-02
8.8295e-01 4.1984e-01 6.2410e-02
8.8908e-01 4.2147e-01 6.3825e-02
8.9525e-01 4.2307e-01 6.5259e-02
9.0146e-01 4.2463e-01 6.6712e-02
9.0772e-01 4.2616e-01 6.8184e-02
9.1402e-01 4.2765e-01 6.9674e-02
9.2036e-01 4.2910e-01 7.1182e-02
9.2675e-01 4.3051e-01 7.2708e-02
9.3318e-01 4.3187e-01 7.4252e-02
9.3966e-01 4.3318e-01 7.5813e-02
9.4618e-01 4.3445e-01 7.7391e-02
9.5274e-01 4.3567e-01 7.8986e-02
9.5936e-01 4.3684e-01 8.0598e-02
9.6601e-01 4.3796e-01 8.2226e-02
9.7272e-01 4.3903e-01 8.3870e-02
9.7947e-01 4.4004e-01 8.5530e-02
9.8626e-01 4.4099e-01 8.7205e-02
9.9311e-01 4.4188e-01 8.8895e-02
1.0000e+00 4.4272e-01 9.0599e-02
