9.9900e-04 4.5585e-01 1.8335e-07
1.0059e-03 4.5676e-01 1.8280e-07
1.0129e-03 4.5767e-01 1.8224e-07
1.0199e-03 4.5858e-01 1.8169e-07
1.0270e-03 4.5948e-01 1.8113e-07
1.0341e-03 4.6038e-01 1.8057e-07
1.0413e-03 4.6128e-01 1.8002e-07
1.0486e-03 4.6217e-01 1.7946e-07
1.0558e-03 4.6307e-01 1.7891e-07
1.0632e-03 4.6395e-01 1.7835e-07
1.0705e-03 4.6484e-01 1.7779e-07
1.0780e-03 4.6573e-01 1.7723e-07
1.0854e-03 4.6661e-01 1.7668e-07
1.0930e-03 4.6749e-01 1.7612e-07
1.1006e-03 4.6836e-01 1.7556e-07
1.1082e-03 4.6923e-01 1.7501e-07
1.1159e-03 4.7010e-01 1.7445e-07
1.1236e-03 4.7097e-01 1.7389e-07
1.1314e-03 4.7184e-01 1.7333e-07
1.1393e-03 4.7270e-01 1.7278e-07
1.1472e-03 4.7356e-01 1.7222e-07
1.1551e-03 4.7441e-01 1.7166e-07
1.1632e-03 4.7526e-01 1.7110e-07
1.1712e-03 4.7611e-01 1.7055e-07
1.1794e-03 4.7696e-01 1.6999e-07
1.1875e-03 4.7781e-01 1.6943e-07
1.1958e-03 4.7865e-01 1.6887e-07
1.2041e-03 4.7949e-01 1.6832e-07
1.2124e-03 4.8032e-01 1.6776e-07
1.2209e-03 4.8116e-01 1.6720e-07
1.2293e-03 4.8199e-01 1.6665e-07
1.2379e-03 4.8281e-01 1.6609e-07
1.2465e-03 4.8364e-01 1.6553e-07
1.2551e-03 4.8446e-01 1.6498e-07
1.2638e-03 4.8528e-01 1.6442e-07
1.2726e-03 4.8609e-01 1.6387e-07
1.2814e-03 4.8691e-01 1.6331e-07
1.2903e-03 4.8771e-01 1.6276e-07
1.2993e-03 4.8852e-01 1.6221e-07
1.3083e-03 4.8933e-01 1.6165e-07
1.3174e-03 4.9013e-01 1.6110e-07
1.3265e-03 4.9092e-01 1.6054e-07
1.3357e-03 4.9172e-01 1.5999e-07
1.3450e-03 4.9251e-01 1.5944e-07
1.3543e-03 4.9330e-01 1.5889e-07
1.3637e-03 4.9409e-01 1.5834e-07
1.3732e-03 4.9487e-01 1.5779e-07
1.3827e-03 4.9565e-01 1.5724e-07
1.3923e-03 4.9643e-01 1.5669e-07
1.4020e-03 4.9720e-01 1.5614e-07
1.4117e-03 4.9798e-01 1.5559e-07
1.4215e-03 4.9874e-01 1.5504e-07
1.4313e-03 4.9951e-01 1.5449e-07
1.4413e-03 5.0027e-01 1.5394e-07
1.4513e-03 5.0103e-01 1.5340e-07
1.4614e-03 5.0179e-01 1.5285e-07
1.4715e-03 5.0254e-01 1.5231e-07
1.4817e-03 5.0330e-01 1.5176e-07
1.4920e-03 5.0404e-01 1.5122e-07
1.5023e-03 5.0479e-01 1.5067e-07
1.5128e-03 5.0553e-01 1.5013e-07
1.5233e-03 5.0627e-01 1.4959e-07
1.5338e-03 5.0701e-01 1.4905e-07
1.5445e-03 5.0774e-01 1.4851e-07
1.5552e-03 5.0847e-01 1.4797e-07
1.5660e-03 5.0920e-01 1.4743e-07
1.5769e-03 5.0992e-01 1.4689e-07
1.5878e-03 5.1065e-01 1.4635e-07
1.5988e-03 5.1137e-01 1.4581e-07
1.6099e-03 5.1208e-01 1.4528e-07
1.6211e-03 5.1279e-01 1.4474e-07
1.6323e-03 5.1350e-01 1.4421e-07
1.6437e-03 5.1421e-01 1.4367e-07
1.6551e-03 5.1492e-01 1.4314e-07
1.6666e-03 5.1562e-01 1.4261e-07
1.6781e-03 5.1632e-01 1.4207e-07
1.6898e-03 5.1701e-01 1.4154e-07
1.7015e-03 5.1770e-01 1.4101e-07
1.7133e-03 5.1839e-01 1.4049e-07
1.7252e-03 5.1908e-01 1.3996e-07
1.7372e-03 5.1977e-01 1.3943e-07
1.7492e-03 5.2045e-01 1.3890e-07
1.7614e-03 5.2113e-01 1.3838e-07
1.7736e-03 5.2180e-01 1.3786e-07
1.7859e-03 5.2247e-01 1.3733e-07
1.7983e-03 5.2314e-01 1.3681e-07
1.8108e-03 5.2381e-01 1.3629e-07
1.8233e-03 5.2447e-01 1.3577e-07
1.8360e-03 5.2514e-01 1.3525e-07
1.8487e-03 5.2579e-01 1.3473e-07
1.8616e-03 5.2645e-01 1.3421e-07
1.8745e-03 5.2710e-01 1.3370e-07
1.8875e-03 5.2775e-01 1.3318e-07
1.9006e-03 5.2840e-01 1.3267e-07
1.9138e-03 5.2904e-01 1.3215e-07
1.9270e-03 5.2968e-01 1.3164e-07
1.9404e-03 5.3032e-01 1.3113e-07
1.9539e-03 5.3096e-01 1.3062e-07
1.9674e-03 5.3159e-01 1.3011e-07
1.9811e-03 5.3222e-01 1.2960e-07
1.9948e-03 5.3285e-01 1.2910e-07
2.0087e-03 5.3347e-01 1.2859e-07
2.0226e-03 5.3410e-01 1.2809e-07
2.0367e-03 5.3472e-01 1.2758e-07
2.0508e-03 5.3533e-01 1.2708e-07
2.0650e-03 5.3595e-01 1.2658e-07
2.0794e-03 5.3656e-01 1.2608e-07
2.0938e-03 5.3717e-01 1.2558e-07
2.1083e-03 5.3777e-01 1.2508e-07
2.1230e-03 5.3837e-01 1.2459e-07
2.1377e-03 5.3897e-01 1.2409e-07
2.1525e-03 5.3957e-01 1.2360e-07
2.1675e-03 5.4017e-01 1.2310e-07
2.1825e-03 5.4076e-01 1.2261e-07
2.1976e-03 5.4135e-01 1.2212e-07
2.2129e-03 5.4193e-01 1.2163e-07
2.2283e-03 5.4252e-01 1.2114e-07
2.2437e-03 5.4310e-01 1.2066e-07
2.2593e-03 5.4368e-01 1.2017e-07
2.2750e-03 5.4425e-01 1.1969e-07
2.2908e-03 5.4483e-01 1.1920e-07
2.3067e-03 5.4540e-01 1.1872e-07
2.3227e-03 5.4597e-01 1.1824e-07
2.3388e-03 5.4653e-01 1.1776e-07
2.3550e-03 5.4709e-01 1.1728e-07
2.3713e-03 5.4765e-01 1.1680e-07
2.3878e-03 5.4821e-01 1.1633e-07
2.4044e-03 5.4877e-01 1.1585e-07
2.4211e-03 5.4932e-01 1.1538e-07
2.4379e-03 5.4987e-01 1.1491e-07
2.4548e-03 5.5042e-01 1.1444e-07
2.4718e-03 5.5096e-01 1.1397e-07
2.4890e-03 5.5151e-01 1.1350e-07
2.5062e-03 5.5205e-01 1.1303e-07
2.5236e-03 5.5258e-01 1.1257e-07
2.5411e-03 5.5312e-01 1.1210e-07
2.5588e-03 5.5365e-01 1.1164e-07
2.5765e-03 5.5418e-01 1.1118e-07
2.5944e-03 5.5471e-01 1.1072e-07
2.6124e-03 5.5523e-01 1.1026e-07
2.6306e-03 5.5576e-01 1.0980e-07
2.6488e-03 5.5628e-01 1.0935e-07
2.6672e-03 5.5680e-01 1.0889e-07
2.6857e-03 5.5731e-01 1.0844e-07
2.7043e-03 5.5782e-01 1.0799e-07
2.7231e-03 5.5833e-01 1.0754e-07
2.7420e-03 5.5884e-01 1.0709e-07
2.7610e-03 5.5935e-01 1.0664e-07
2.7802e-03 5.5985e-01 1.0619e-07
2.7995e-03 5.6035e-01 1.0575e-07
2.8189e-03 5.6085e-01 1.0531e-07
2.8385e-03 5.6135e-01 1.0486e-07
2.8582e-03 5.6184e-01 1.0442e-07
2.8780e-03 5.6234e-01 1.0398e-07
2.8980e-03 5.6283e-01 1.0354e-07
2.9181e-03 5.6331e-01 1.0311e-07
2.9383e-03 5.6380e-01 1.0267e-07
2.9587e-03 5.6428e-01 1.0224e-07
2.9793e-03 5.6476e-01 1.0181e-07
2.9999e-03 5.6524e-01 1.0137e-07
3.0208e-03 5.6572e-01 1.0094e-07
3.0417e-03 5.6619e-01 1.0052e-07
3.0628e-03 5.6666e-01 1.0009e-07
3.0841e-03 5.6713e-01 9.9664e-08
3.1055e-03 5.6760e-01 9.9240e-08
3.1270e-03 5.6807e-01 9.8817e-08
3.1487e-03 5.6853e-01 9.8396e-08
3.1706e-03 5.6899e-01 9.7976e-08
3.1926e-03 5.6945e-01 9.7558e-08
3.2147e-03 5.6991e-01 9.7141e-08
3.2371e-03 5.7036e-01 9.6725e-08
3.2595e-03 5.7082e-01 9.6311e-08
3.2821e-03 5.7127e-01 9.5898e-08
3.3049e-03 5.7171e-01 9.5487e-08
3.3279e-03 5.7216e-01 9.5077e-08
3.3509e-03 5.7261e-01 9.4669e-08
3.3742e-03 5.7305e-01 9.4262e-08
3.3976e-03 5.7349e-01 9.3857e-08
3.4212e-03 5.7393e-01 9.3453e-08
3.4449e-03 5.7437e-01 9.3050e-08
3.4688e-03 5.7480e-01 9.2649e-08
3.4929e-03 5.7523e-01 9.2249e-08
3.5172e-03 5.7566e-01 9.1851e-08
3.5416e-03 5.7609e-01 9.1454e-08
3.5661e-03 5.7652e-01 9.1059e-08
3.5909e-03 5.7695e-01 9.0665e-08
3.6158e-03 5.7737e-01 9.0272e-08
3.6409e-03 5.7779e-01 8.9881e-08
3.6662e-03 5.7821e-01 8.9492e-08
3.6916e-03 5.7863e-01 8.9104e-08
3.7172e-03 5.7905e-01 8.8717e-08
3.7430e-03 5.7946e-01 8.8332e-08
3.7690e-03 5.7987e-01 8.7948e-08
3.7952e-03 5.8028e-01 8.7566e-08
3.8215e-03 5.8069e-01 8.7185e-08
3.8480e-03 5.8110e-01 8.6806e-08
3.8747e-03 5.8151e-01 8.6428e-08
3.9016e-03 5.8191e-01 8.6051e-08
3.9287e-03 5.8231e-01 8.5676e-08
3.9559e-03 5.8271e-01 8.5303e-08
3.9834e-03 5.8311e-01 8.4931e-08
4.0110e-03 5.8351e-01 8.4560e-08
4.0389e-03 5.8391e-01 8.4191e-08
4.0669e-03 5.8430e-01 8.3823e-08
4.0951e-03 5.8469e-01 8.3457e-08
4.1235e-03 5.8508e-01 8.3092e-08
4.1522e-03 5.8547e-01 8.2729e-08
4.1810e-03 5.8586e-01 8.2367e-08
4.2100e-03 5.8625e-01 8.2007e-08
4.2392e-03 5.8663e-01 8.1648e-08
4.2686e-03 5.8702e-01 8.1290e-08
4.2982e-03 5.8740e-01 8.0934e-08
4.3281e-03 5.8778e-01 8.0580e-08
4.3581e-03 5.8816e-01 8.0227e-08
4.3884e-03 5.8854e-01 7.9875e-08
4.4188e-03 5.8891e-01 7.9525e-08
4.4495e-03 5.8929e-01 7.9176e-08
4.4803e-03 5.8966e-01 7.8829e-08
4.5114e-03 5.9003e-01 7.8483e-08
4.5427e-03 5.9040e-01 7.8139e-08
4.5743e-03 5.9077e-01 7.7796e-08
4.6060e-03 5.9114e-01 7.7455e-08
4.6380e-03 5.9151e-01 7.7115e-08
4.6702e-03 5.9187e-01 7.6776e-08
4.7026e-03 5.9224e-01 7.6439e-08
4.7352e-03 5.9260e-01 7.6104e-08
4.7681e-03 5.9296e-01 7.5769e-08
4.8012e-03 5.9333e-01 7.5437e-08
4.8345e-03 5.9369e-01 7.5106e-08
4.8680e-03 5.9404e-01 7.4776e-08
4.9018e-03 5.9440e-01 7.4447e-08
4.9358e-03 5.9476e-01 7.4121e-08
4.9701e-03 5.9511e-01 7.3795e-08
5.0046e-03 5.9547e-01 7.3471e-08
5.0393e-03 5.9582e-01 7.3149e-08
5.0743e-03 5.9617e-01 7.2828e-08
5.1095e-03 5.9653e-01 7.2508e-08
5.1449e-03 5.9688e-01 7.2190e-08
5.1806e-03 5.9723e-01 7.1873e-08
5.2166e-03 5.9757e-01 7.1558e-08
5.2528e-03 5.9792e-01 7.1244e-08
5.2893e-03 5.9827e-01 7.0932e-08
5.3260e-03 5.9861e-01 7.0621e-08
5.3629e-03 5.9896e-01 7.0311e-08
5.4001e-03 5.9930e-01 7.0003e-08
5.4376e-03 5.9965e-01 6.9697e-08
5.4753e-03 5.9999e-01 6.9391e-08
5.5133e-03 6.0033e-01 6.9088e-08
5.5516e-03 6.0067e-01 6.8785e-08
5.5901e-03 6.0101e-01 6.8485e-08
5.6289e-03 6.0135e-01 6.8185e-08
5.6680e-03 6.0169e-01 6.7887e-08
5.7073e-03 6.0203e-01 6.7591e-08
5.7469e-03 6.0237e-01 6.7296e-08
5.7868e-03 6.0270e-01 6.7002e-08
5.8270e-03 6.0304e-01 6.6710e-08
5.8674e-03 6.0338e-01 6.6419e-08
5.9081e-03 6.0371e-01 6.6130e-08
5.9491e-03 6.0405e-01 6.5842e-08
5.9904e-03 6.0438e-01 6.5555e-08
6.0320e-03 6.0471e-01 6.5270e-08
6.0738e-03 6.0505e-01 6.4986e-08
6.1160e-03 6.0538e-01 6.4704e-08
6.1584e-03 6.0571e-01 6.4423e-08
6.2012e-03 6.0605e-01 6.4144e-08
6.2442e-03 6.0638e-01 6.3866e-08
6.2875e-03 6.0671e-01 6.3590e-08
6.3312e-03 6.0704e-01 6.3314e-08
6.3751e-03 6.0737e-01 6.3041e-08
6.4193e-03 6.0770e-01 6.2769e-08
6.4639e-03 6.0803e-01 6.2498e-08
6.5087e-03 6.0836e-01 6.2228e-08
6.5539e-03 6.0869e-01 6.1960e-08
6.5994e-03 6.0902e-01 6.1694e-08
6.6452e-03 6.0935e-01 6.1429e-08
6.6913e-03 6.0968e-01 6.1165e-08
6.7377e-03 6.1001e-01 6.0903e-08
6.7845e-03 6.1034e-01 6.0642e-08
6.8316e-03 6.1067e-01 6.0382e-08
6.8790e-03 6.1100e-01 6.0124e-08
6.9267e-03 6.1133e-01 5.9867e-08
6.9748e-03 6.1166e-01 5.9612e-08
7.0232e-03 6.1199e-01 5.9358e-08
7.0719e-03 6.1232e-01 5.9106e-08
7.1210e-03 6.1265e-01 5.8855e-08
7.1704e-03 6.1298e-01 5.8605e-08
7.2202e-03 6.1332e-01 5.8357e-08
7.2703e-03 6.1365e-01 5.8111e-08
7.3208e-03 6.1398e-01 5.7865e-08
7.3716e-03 6.1431e-01 5.7621e-08
7.4227e-03 6.1464e-01 5.7379e-08
7.4742e-03 6.1497e-01 5.7138e-08
7.5261e-03 6.1531e-01 5.6898e-08
7.5783e-03 6.1564e-01 5.6660e-08
7.6309e-03 6.1597e-01 5.6423e-08
7.6839e-03 6.1631e-01 5.6187e-08
7.7372e-03 6.1664e-01 5.5953e-08
7.7909e-03 6.1698e-01 5.5721e-08
7.8450e-03 6.1731e-01 5.5489e-08
7.8994e-03 6.1765e-01 5.5259e-08
7.9542e-03 6.1799e-01 5.5031e-08
8.0094e-03 6.1833e-01 5.4804e-08
8.0650e-03 6.1866e-01 5.4578e-08
8.1210e-03 6.1900e-01 5.4354e-08
8.1773e-03 6.1934e-01 5.4131e-08
8.2341e-03 6.1968e-01 5.3910e-08
8.2912e-03 6.2003e-01 5.3690e-08
8.3487e-03 6.2037e-01 5.3472e-08
8.4067e-03 6.2071e-01 5.3254e-08
8.4650e-03 6.2106e-01 5.3039e-08
8.5238e-03 6.2140e-01 5.2824e-08
8.5829e-03 6.2175e-01 5.2611e-08
8.6425e-03 6.2210e-01 5.2400e-08
8.7025e-03 6.2244e-01 5.2190e-08
8.7628e-03 6.2279e-01 5.1981e-08
8.8237e-03 6.2315e-01 5.1774e-08
8.8849e-03 6.2350e-01 5.1568e-08
8.9466e-03 6.2385e-01 5.1364e-08
9.0086e-03 6.2420e-01 5.1161e-08
9.0712e-03 6.2456e-01 5.0959e-08
9.1341e-03 6.2492e-01 5.0759e-08
9.1975e-03 6.2528e-01 5.0560e-08
9.2613e-03 6.2564e-01 5.0363e-08
9.3256e-03 6.2600e-01 5.0167e-08
9.3903e-03 6.2636e-01 4.9972e-08
9.4555e-03 6.2672e-01 4.9779e-08
9.5211e-03 6.2709e-01 4.9588e-08
9.5872e-03 6.2746e-01 4.9397e-08
9.6537e-03 6.2783e-01 4.9209e-08
9.7207e-03 6.2820e-01 4.9021e-08
9.7881e-03 6.2857e-01 4.8835e-08
9.8561e-03 6.2894e-01 4.8651e-08
9.9245e-03 6.2932e-01 4.8468e-08
9.9933e-03 6.2969e-01 4.8286e-08
1.0063e-02 6.3007e-01 4.8106e-08
1.0133e-02 6.3045e-01 4.7927e-08
1.0203e-02 6.3084e-01 4.7750e-08
1.0274e-02 6.3122e-01 4.7574e-08
1.0345e-02 6.3161e-01 4.7400e-08
1.0417e-02 6.3200e-01 4.7227e-08
1.0489e-02 6.3239e-01 4.7055e-08
1.0562e-02 6.3278e-01 4.6885e-08
1.0635e-02 6.3317e-01 4.6717e-08
1.0709e-02 6.3357e-01 4.6550e-08
1.0783e-02 6.3397e-01 4.6384e-08
1.0858e-02 6.3437e-01 4.6220e-08
1.0933e-02 6.3477e-01 4.6057e-08
1.1009e-02 6.3518e-01 4.5896e-08
1.1086e-02 6.3559e-01 4.5736e-08
1.1163e-02 6.3600e-01 4.5578e-08
1.1240e-02 6.3641e-01 4.5421e-08
1.1318e-02 6.3682e-01 4.5266e-08
1.1397e-02 6.3724e-01 4.5112e-08
1.1476e-02 6.3766e-01 4.4959e-08
1.1555e-02 6.3808e-01 4.4809e-08
1.1636e-02 6.3851e-01 4.4659e-08
1.1716e-02 6.3893e-01 4.4512e-08
1.1798e-02 6.3936e-01 4.4365e-08
1.1879e-02 6.3979e-01 4.4220e-08
1.1962e-02 6.4023e-01 4.4077e-08
1.2045e-02 6.4066e-01 4.3935e-08
1.2128e-02 6.4110e-01 4.3795e-08
1.2213e-02 6.4154e-01 4.3657e-08
1.2297e-02 6.4199e-01 4.3519e-08
1.2383e-02 6.4243e-01 4.3384e-08
1.2469e-02 6.4288e-01 4.3250e-08
1.2555e-02 6.4334e-01 4.3117e-08
1.2642e-02 6.4379e-01 4.2986e-08
1.2730e-02 6.4425e-01 4.2857e-08
1.2818e-02 6.4471e-01 4.2729e-08
1.2907e-02 6.4517e-01 4.2603e-08
1.2997e-02 6.4564e-01 4.2479e-08
1.3087e-02 6.4610e-01 4.2356e-08
1.3178e-02 6.4658e-01 4.2234e-08
1.3269e-02 6.4705e-01 4.2114e-08
1.3361e-02 6.4753e-01 4.1996e-08
1.3454e-02 6.4800e-01 4.1880e-08
1.3548e-02 6.4849e-01 4.1765e-08
1.3642e-02 6.4897e-01 4.1651e-08
1.3736e-02 6.4946e-01 4.1540e-08
1.3832e-02 6.4995e-01 4.1430e-08
1.3928e-02 6.5044e-01 4.1322e-08
1.4024e-02 6.5093e-01 4.1215e-08
1.4122e-02 6.5143e-01 4.1110e-08
1.4220e-02 6.5193e-01 4.1007e-08
1.4318e-02 6.5243e-01 4.0905e-08
1.4418e-02 6.5294e-01 4.0805e-08
1.4518e-02 6.5345e-01 4.0707e-08
1.4618e-02 6.5396e-01 4.0611e-08
1.4720e-02 6.5447e-01 4.0516e-08
1.4822e-02 6.5498e-01 4.0423e-08
1.4925e-02 6.5550e-01 4.0332e-08
1.5028e-02 6.5602e-01 4.0243e-08
1.5133e-02 6.5654e-01 4.0155e-08
1.5238e-02 6.5706e-01 4.0069e-08
1.5343e-02 6.5759e-01 3.9985e-08
1.5450e-02 6.5812e-01 3.9903e-08
1.5557e-02 6.5865e-01 3.9822e-08
1.5665e-02 6.5918e-01 3.9744e-08
1.5774e-02 6.5971e-01 3.9667e-08
1.5883e-02 6.6025e-01 3.9592e-08
1.5994e-02 6.6078e-01 3.9519e-08
1.6105e-02 6.6132e-01 3.9448e-08
1.6216e-02 6.6186e-01 3.9379e-08
1.6329e-02 6.6240e-01 3.9312e-08
1.6442e-02 6.6294e-01 3.9247e-08
1.6556e-02 6.6348e-01 3.9184e-08
1.6671e-02 6.6403e-01 3.9122e-08
1.6787e-02 6.6457e-01 3.9063e-08
1.6903e-02 6.6511e-01 3.9006e-08
1.7021e-02 6.6566e-01 3.8950e-08
1.7139e-02 6.6620e-01 3.8897e-08
1.7258e-02 6.6675e-01 3.8846e-08
1.7377e-02 6.6729e-01 3.8797e-08
1.7498e-02 6.6784e-01 3.8749e-08
1.7619e-02 6.6838e-01 3.8704e-08
1.7742e-02 6.6893e-01 3.8662e-08
1.7865e-02 6.6947e-01 3.8621e-08
1.7989e-02 6.7001e-01 3.8582e-08
1.8114e-02 6.7055e-01 3.8546e-08
1.8239e-02 6.7109e-01 3.8512e-08
1.8366e-02 6.7162e-01 3.8480e-08
1.8493e-02 6.7216e-01 3.8450e-08
1.8622e-02 6.7269e-01 3.8423e-08
1.8751e-02 6.7322e-01 3.8398e-08
1.8881e-02 6.7374e-01 3.8375e-08
1.9012e-02 6.7426e-01 3.8355e-08
1.9144e-02 6.7478e-01 3.8337e-08
1.9277e-02 6.7530e-01 3.8321e-08
1.9411e-02 6.7581e-01 3.8308e-08
1.9545e-02 6.7631e-01 3.8298e-08
1.9681e-02 6.7681e-01 3.8289e-08
1.9818e-02 6.7731e-01 3.8284e-08
1.9955e-02 6.7779e-01 3.8280e-08
2.0094e-02 6.7828e-01 3.8280e-08
2.0233e-02 6.7875e-01 3.8282e-08
2.0373e-02 6.7922e-01 3.8286e-08
2.0515e-02 6.7968e-01 3.8294e-08
2.0657e-02 6.8013e-01 3.8304e-08
2.0801e-02 6.8057e-01 3.8316e-08
2.0945e-02 6.8101e-01 3.8332e-08
2.1090e-02 6.8143e-01 3.8350e-08
2.1237e-02 6.8184e-01 3.8371e-08
2.1384e-02 6.8225e-01 3.8395e-08
2.1532e-02 6.8264e-01 3.8422e-08
2.1682e-02 6.8302e-01 3.8451e-08
2.1832e-02 6.8338e-01 3.8484e-08
2.1984e-02 6.8374e-01 3.8520e-08
2.2136e-02 6.8407e-01 3.8559e-08
2.2290e-02 6.8440e-01 3.8601e-08
2.2445e-02 6.8471e-01 3.8646e-08
2.2600e-02 6.8500e-01 3.8694e-08
2.2757e-02 6.8527e-01 3.8746e-08
2.2915e-02 6.8553e-01 3.8801e-08
2.3074e-02 6.8577e-01 3.8859e-08
2.3234e-02 6.8599e-01 3.8920e-08
2.3396e-02 6.8619e-01 3.8985e-08
2.3558e-02 6.8637e-01 3.9054e-08
2.3721e-02 6.8653e-01 3.9126e-08
2.3886e-02 6.8666e-01 3.9201e-08
2.4052e-02 6.8678e-01 3.9281e-08
2.4219e-02 6.8686e-01 3.9364e-08
2.4387e-02 6.8693e-01 3.9450e-08
2.4556e-02 6.8696e-01 3.9541e-08
2.4726e-02 6.8697e-01 3.9635e-08
2.4898e-02 6.8695e-01 3.9734e-08
2.5071e-02 6.8690e-01 3.9836e-08
2.5245e-02 6.8683e-01 3.9943e-08
2.5420e-02 6.8672e-01 4.0053e-08
2.5596e-02 6.8658e-01 4.0168e-08
2.5774e-02 6.8640e-01 4.0287e-08
2.5953e-02 6.8619e-01 4.0411e-08
2.6133e-02 6.8595e-01 4.0539e-08
2.6314e-02 6.8567e-01 4.0672e-08
2.6497e-02 6.8535e-01 4.0809e-08
2.6681e-02 6.8500e-01 4.0951e-08
2.6866e-02 6.8460e-01 4.1097e-08
2.7052e-02 6.8416e-01 4.1249e-08
2.7240e-02 6.8369e-01 4.1405e-08
2.7429e-02 6.8316e-01 4.1567e-08
2.7620e-02 6.8260e-01 4.1734e-08
2.7811e-02 6.8199e-01 4.1906e-08
2.8004e-02 6.8133e-01 4.2083e-08
2.8199e-02 6.8063e-01 4.2266e-08
2.8394e-02 6.7988e-01 4.2455e-08
2.8591e-02 6.7907e-01 4.2649e-08
2.8790e-02 6.7822e-01 4.2849e-08
2.8989e-02 6.7732e-01 4.3055e-08
2.9191e-02 6.7636e-01 4.3267e-08
2.9393e-02 6.7535e-01 4.3485e-08
2.9597e-02 6.7429e-01 4.3709e-08
2.9803e-02 6.7316e-01 4.3940e-08
3.0009e-02 6.7199e-01 4.4178e-08
3.0218e-02 6.7075e-01 4.4422e-08
3.0427e-02 6.6946e-01 4.4673e-08
3.0638e-02 6.6810e-01 4.4932e-08
3.0851e-02 6.6669e-01 4.5197e-08
3.1065e-02 6.6521e-01 4.5470e-08
3.1281e-02 6.6368e-01 4.5750e-08
3.1498e-02 6.6208e-01 4.6039e-08
3.1716e-02 6.6041e-01 4.6335e-08
3.1937e-02 6.5869e-01 4.6639e-08
3.2158e-02 6.5690e-01 4.6952e-08
3.2381e-02 6.5504e-01 4.7273e-08
3.2606e-02 6.5312e-01 4.7603e-08
3.2832e-02 6.5113e-01 4.7942e-08
3.3060e-02 6.4908e-01 4.8290e-08
3.3290e-02 6.4696e-01 4.8648e-08
3.3521e-02 6.4477e-01 4.9015e-08
3.3753e-02 6.4252e-01 4.9392e-08
3.3987e-02 6.4020e-01 4.9780e-08
3.4223e-02 6.3781e-01 5.0178e-08
3.4461e-02 6.3536e-01 5.0587e-08
3.4700e-02 6.3284e-01 5.1006e-08
3.4941e-02 6.3025e-01 5.1438e-08
3.5183e-02 6.2760e-01 5.1881e-08
3.5427e-02 6.2489e-01 5.2336e-08
3.5673e-02 6.2210e-01 5.2803e-08
3.5921e-02 6.1926e-01 5.3284e-08
3.6170e-02 6.1635e-01 5.3777e-08
3.6421e-02 6.1338e-01 5.4284e-08
3.6674e-02 6.1034e-01 5.4805e-08
3.6928e-02 6.0725e-01 5.5341e-08
3.7185e-02 6.0409e-01 5.5891e-08
3.7443e-02 6.0088e-01 5.6456e-08
3.7703e-02 5.9761e-01 5.7038e-08
3.7964e-02 5.9428e-01 5.7635e-08
3.8228e-02 5.9090e-01 5.8250e-08
3.8493e-02 5.8747e-01 5.8881e-08
3.8760e-02 5.8399e-01 5.9531e-08
3.9029e-02 5.8045e-01 6.0199e-08
3.9300e-02 5.7687e-01 6.0886e-08
3.9573e-02 5.7324e-01 6.1592e-08
3.9847e-02 5.6956e-01 6.2319e-08
4.0124e-02 5.6585e-01 6.3067e-08
4.0402e-02 5.6209e-01 6.3837e-08
4.0683e-02 5.5830e-01 6.4630e-08
4.0965e-02 5.5447e-01 6.5445e-08
4.1249e-02 5.5061e-01 6.6285e-08
4.1535e-02 5.4671e-01 6.7149e-08
4.1824e-02 5.4279e-01 6.8040e-08
4.2114e-02 5.3883e-01 6.8957e-08
4.2406e-02 5.3486e-01 6.9901e-08
4.2700e-02 5.3086e-01 7.0874e-08
4.2997e-02 5.2684e-01 7.1877e-08
4.3295e-02 5.2281e-01 7.2911e-08
4.3596e-02 5.1876e-01 7.3976e-08
4.3898e-02 5.1470e-01 7.5074e-08
4.4203e-02 5.1063e-01 7.6206e-08
4.4510e-02 5.0655e-01 7.7374e-08
4.4818e-02 5.0246e-01 7.8578e-08
4.5129e-02 4.9838e-01 7.9820e-08
4.5443e-02 4.9429e-01 8.1102e-08
4.5758e-02 4.9021e-01 8.2425e-08
4.6076e-02 4.8613e-01 8.3790e-08
4.6395e-02 4.8206e-01 8.5199e-08
4.6717e-02 4.7800e-01 8.6654e-08
4.7041e-02 4.7396e-01 8.8157e-08
4.7368e-02 4.6992e-01 8.9708e-08
4.7697e-02 4.6590e-01 9.1311e-08
4.8028e-02 4.6191e-01 9.2966e-08
4.8361e-02 4.5793e-01 9.4677e-08
4.8697e-02 4.5397e-01 9.6445e-08
4.9034e-02 4.5004e-01 9.8273e-08
4.9375e-02 4.4614e-01 1.0016e-07
4.9717e-02 4.4227e-01 1.0211e-07
5.0062e-02 4.3842e-01 1.0413e-07
5.0410e-02 4.3461e-01 1.0622e-07
5.0760e-02 4.3083e-01 1.0838e-07
5.1112e-02 4.2709e-01 1.1062e-07
5.1467e-02 4.2339e-01 1.1293e-07
5.1824e-02 4.1972e-01 1.1533e-07
5.2183e-02 4.1609e-01 1.1780e-07
5.2546e-02 4.1251e-01 1.2037e-07
5.2910e-02 4.0896e-01 1.2302e-07
5.3277e-02 4.0546e-01 1.2577e-07
5.3647e-02 4.0200e-01 1.2862e-07
5.4019e-02 3.9859e-01 1.3157e-07
5.4394e-02 3.9523e-01 1.3463e-07
5.4772e-02 3.9191e-01 1.3779e-07
5.5152e-02 3.8864e-01 1.4107e-07
5.5535e-02 3.8542e-01 1.4447e-07
5.5920e-02 3.8224e-01 1.4799e-07
5.6308e-02 3.7912e-01 1.5164e-07
5.6699e-02 3.7604e-01 1.5543e-07
5.7092e-02 3.7302e-01 1.5936e-07
5.7488e-02 3.7004e-01 1.6343e-07
5.7887e-02 3.6712e-01 1.6765e-07
5.8289e-02 3.6425e-01 1.7203e-07
5.8694e-02 3.6143e-01 1.7657e-07
5.9101e-02 3.5865e-01 1.8128e-07
5.9511e-02 3.5593e-01 1.8617e-07
5.9924e-02 3.5327e-01 1.9124e-07
6.0340e-02 3.5065e-01 1.9651e-07
6.0759e-02 3.4808e-01 2.0197e-07
6.1180e-02 3.4556e-01 2.0764e-07
6.1605e-02 3.4310e-01 2.1353e-07
6.2032e-02 3.4068e-01 2.1964e-07
6.2463e-02 3.3832e-01 2.2599e-07
6.2896e-02 3.3600e-01 2.3258e-07
6.3333e-02 3.3373e-01 2.3943e-07
6.3772e-02 3.3151e-01 2.4654e-07
6.4215e-02 3.2934e-01 2.5392e-07
6.4660e-02 3.2721e-01 2.6159e-07
6.5109e-02 3.2514e-01 2.6956e-07
6.5561e-02 3.2311e-01 2.7784e-07
6.6016e-02 3.2112e-01 2.8644e-07
6.6474e-02 3.1918e-01 2.9538e-07
6.6935e-02 3.1729e-01 3.0468e-07
6.7400e-02 3.1544e-01 3.1433e-07
6.7868e-02 3.1363e-01 3.2437e-07
6.8339e-02 3.1186e-01 3.3480e-07
6.8813e-02 3.1014e-01 3.4564e-07
6.9290e-02 3.0846e-01 3.5692e-07
6.9771e-02 3.0682e-01 3.6864e-07
7.0255e-02 3.0522e-01 3.8083e-07
7.0743e-02 3.0366e-01 3.9350e-07
7.1234e-02 3.0214e-01 4.0668e-07
7.1728e-02 3.0066e-01 4.2038e-07
7.2226e-02 2.9921e-01 4.3464e-07
7.2727e-02 2.9780e-01 4.4946e-07
7.3232e-02 2.9643e-01 4.6488e-07
7.3740e-02 2.9509e-01 4.8092e-07
7.4252e-02 2.9379e-01 4.9761e-07
7.4767e-02 2.9252e-01 5.1497e-07
7.5286e-02 2.9128e-01 5.3303e-07
7.5808e-02 2.9008e-01 5.5182e-07
7.6335e-02 2.8890e-01 5.7137e-07
7.6864e-02 2.8776e-01 5.9172e-07
7.7398e-02 2.8665e-01 6.1289e-07
7.7935e-02 2.8557e-01 6.3492e-07
7.8476e-02 2.8452e-01 6.5785e-07
7.9020e-02 2.8350e-01 6.8171e-07
7.9569e-02 2.8250e-01 7.0654e-07
8.0121e-02 2.8153e-01 7.3239e-07
8.0677e-02 2.8059e-01 7.5929e-07
8.1237e-02 2.7967e-01 7.8730e-07
8.1800e-02 2.7878e-01 8.1645e-07
8.2368e-02 2.7792e-01 8.4680e-07
8.2940e-02 2.7707e-01 8.7839e-07
8.3515e-02 2.7626e-01 9.1129e-07
8.4095e-02 2.7546e-01 9.4553e-07
8.4678e-02 2.7469e-01 9.8118e-07
8.5266e-02 2.7394e-01 1.0183e-06
8.5858e-02 2.7320e-01 1.0570e-06
8.6454e-02 2.7250e-01 1.0972e-06
8.7054e-02 2.7181e-01 1.1391e-06
8.7658e-02 2.7114e-01 1.1827e-06
8.8266e-02 2.7049e-01 1.2282e-06
8.8879e-02 2.6985e-01 1.2755e-06
8.9495e-02 2.6924e-01 1.3248e-06
9.0116e-02 2.6864e-01 1.3761e-06
9.0742e-02 2.6806e-01 1.4296e-06
9.1371e-02 2.6750e-01 1.4852e-06
9.2006e-02 2.6696e-01 1.5432e-06
9.2644e-02 2.6643e-01 1.6036e-06
9.3287e-02 2.6591e-01 1.6665e-06
9.3934e-02 2.6541e-01 1.7320e-06
9.4586e-02 2.6493e-01 1.8003e-06
9.5243e-02 2.6446e-01 1.8714e-06
9.5904e-02 2.6400e-01 1.9454e-06
9.6569e-02 2.6356e-01 2.0225e-06
9.7239e-02 2.6313e-01 2.1029e-06
9.7914e-02 2.6271e-01 2.1866e-06
9.8594e-02 2.6230e-01 2.2738e-06
9.9278e-02 2.6191e-01 2.3646e-06
9.9967e-02 2.6153e-01 2.4593e-06
1.0066e-01 2.6116e-01 2.5579e-06
1.0136e-01 2.6080e-01 2.6606e-06
1.0206e-01 2.6045e-01 2.7676e-06
1.0277e-01 2.6011e-01 2.8791e-06
1.0348e-01 2.5979e-01 2.9952e-06
1.0420e-01 2.5947e-01 3.1163e-06
1.0493e-01 2.5916e-01 3.2424e-06
1.0565e-01 2.5886e-01 3.3737e-06
1.0639e-01 2.5857e-01 3.5106e-06
1.0712e-01 2.5829e-01 3.6533e-06
1.0787e-01 2.5802e-01 3.8019e-06
1.0862e-01 2.5775e-01 3.9567e-06
1.0937e-01 2.5750e-01 4.1181e-06
1.1013e-01 2.5725e-01 4.2862e-06
1.1089e-01 2.5701e-01 4.4614e-06
1.1166e-01 2.5677e-01 4.6439e-06
1.1244e-01 2.5655e-01 4.8342e-06
1.1322e-01 2.5633e-01 5.0324e-06
1.1400e-01 2.5612e-01 5.2389e-06
1.1480e-01 2.5591e-01 5.4542e-06
1.1559e-01 2.5571e-01 5.6785e-06
1.1639e-01 2.5552e-01 5.9122e-06
1.1720e-01 2.5533e-01 6.1558e-06
1.1802e-01 2.5515e-01 6.4096e-06
1.1883e-01 2.5497e-01 6.6741e-06
1.1966e-01 2.5480e-01 6.9497e-06
1.2049e-01 2.5463e-01 7.2370e-06
1.2133e-01 2.5447e-01 7.5364e-06
1.2217e-01 2.5432e-01 7.8483e-06
1.2302e-01 2.5417e-01 8.1735e-06
1.2387e-01 2.5402e-01 8.5123e-06
1.2473e-01 2.5388e-01 8.8654e-06
1.2559e-01 2.5375e-01 9.2334e-06
1.2647e-01 2.5361e-01 9.6170e-06
1.2734e-01 2.5348e-01 1.0017e-05
1.2823e-01 2.5336e-01 1.0433e-05
1.2912e-01 2.5324e-01 1.0867e-05
1.3001e-01 2.5312e-01 1.1320e-05
1.3091e-01 2.5301e-01 1.1791e-05
1.3182e-01 2.5290e-01 1.2283e-05
1.3274e-01 2.5280e-01 1.2795e-05
1.3366e-01 2.5270e-01 1.3329e-05
1.3459e-01 2.5260e-01 1.3885e-05
1.3552e-01 2.5250e-01 1.4465e-05
1.3646e-01 2.5241e-01 1.5070e-05
1.3741e-01 2.5232e-01 1.5700e-05
1.3836e-01 2.5223e-01 1.6356e-05
1.3932e-01 2.5215e-01 1.7040e-05
1.4029e-01 2.5207e-01 1.7753e-05
1.4126e-01 2.5199e-01 1.8497e-05
1.4224e-01 2.5192e-01 1.9271e-05
1.4323e-01 2.5184e-01 2.0079e-05
1.4422e-01 2.5177e-01 2.0920e-05
1.4522e-01 2.5171e-01 2.1798e-05
1.4623e-01 2.5164e-01 2.2712e-05
1.4725e-01 2.5158e-01 2.3665e-05
1.4827e-01 2.5152e-01 2.4658e-05
1.4930e-01 2.5146e-01 2.5693e-05
1.5033e-01 2.5140e-01 2.6772e-05
1.5138e-01 2.5135e-01 2.7897e-05
1.5243e-01 2.5129e-01 2.9069e-05
1.5349e-01 2.5124e-01 3.0291e-05
1.5455e-01 2.5119e-01 3.1564e-05
1.5562e-01 2.5115e-01 3.2891e-05
1.5670e-01 2.5110e-01 3.4275e-05
1.5779e-01 2.5106e-01 3.5717e-05
1.5889e-01 2.5102e-01 3.7220e-05
1.5999e-01 2.5098e-01 3.8786e-05
1.6110e-01 2.5094e-01 4.0419e-05
1.6222e-01 2.5090e-01 4.2121e-05
1.6334e-01 2.5086e-01 4.3895e-05
1.6448e-01 2.5083e-01 4.5744e-05
1.6562e-01 2.5080e-01 4.7671e-05
1.6677e-01 2.5077e-01 4.9680e-05
1.6792e-01 2.5074e-01 5.1774e-05
1.6909e-01 2.5071e-01 5.3956e-05
1.7026e-01 2.5068e-01 5.6231e-05
1.7144e-01 2.5066e-01 5.8602e-05
1.7263e-01 2.5063e-01 6.1073e-05
1.7383e-01 2.5061e-01 6.3650e-05
1.7504e-01 2.5059e-01 6.6335e-05
1.7625e-01 2.5057e-01 6.9134e-05
1.7748e-01 2.5055e-01 7.2051e-05
1.7871e-01 2.5053e-01 7.5092e-05
1.7995e-01 2.5051e-01 7.8261e-05
1.8120e-01 2.5050e-01 8.1565e-05
1.8245e-01 2.5048e-01 8.5009e-05
1.8372e-01 2.5047e-01 8.8598e-05
1.8500e-01 2.5046e-01 9.2339e-05
1.8628e-01 2.5045e-01 9.6239e-05
1.8757e-01 2.5044e-01 1.0030e-04
1.8887e-01 2.5043e-01 1.0454e-04
1.9018e-01 2.5042e-01 1.0896e-04
1.9150e-01 2.5041e-01 1.1356e-04
1.9283e-01 2.5041e-01 1.1836e-04
1.9417e-01 2.5040e-01 1.2336e-04
1.9552e-01 2.5040e-01 1.2857e-04
1.9688e-01 2.5040e-01 1.3401e-04
1.9824e-01 2.5040e-01 1.3967e-04
1.9962e-01 2.5040e-01 1.4558e-04
2.0100e-01 2.5040e-01 1.5173e-04
2.0240e-01 2.5040e-01 1.5815e-04
2.0380e-01 2.5041e-01 1.6483e-04
2.0522e-01 2.5041e-01 1.7180e-04
2.0664e-01 2.5042e-01 1.7907e-04
2.0807e-01 2.5043e-01 1.8664e-04
2.0952e-01 2.5043e-01 1.9453e-04
2.1097e-01 2.5044e-01 2.0276e-04
2.1244e-01 2.5046e-01 2.1133e-04
2.1391e-01 2.5047e-01 2.2027e-04
2.1540e-01 2.5048e-01 2.2959e-04
2.1689e-01 2.5050e-01 2.3930e-04
2.1840e-01 2.5051e-01 2.4942e-04
2.1991e-01 2.5053e-01 2.5998e-04
2.2144e-01 2.5055e-01 2.7097e-04
2.2297e-01 2.5057e-01 2.8244e-04
2.2452e-01 2.5059e-01 2.9439e-04
2.2608e-01 2.5062e-01 3.0684e-04
2.2765e-01 2.5064e-01 3.1983e-04
2.2923e-01 2.5067e-01 3.3336e-04
2.3082e-01 2.5070e-01 3.4746e-04
2.3242e-01 2.5073e-01 3.6217e-04
2.3403e-01 2.5076e-01 3.7749e-04
2.3566e-01 2.5080e-01 3.9346e-04
2.3729e-01 2.5083e-01 4.1012e-04
2.3894e-01 2.5087e-01 4.2747e-04
2.4060e-01 2.5091e-01 4.4556e-04
2.4227e-01 2.5096e-01 4.6442e-04
2.4395e-01 2.5100e-01 4.8407e-04
2.4564e-01 2.5105e-01 5.0455e-04
2.4735e-01 2.5110e-01 5.2591e-04
2.4906e-01 2.5115e-01 5.4816e-04
2.5079e-01 2.5120e-01 5.7136e-04
2.5253e-01 2.5126e-01 5.9554e-04
2.5428e-01 2.5132e-01 6.2075e-04
2.5605e-01 2.5138e-01 6.4702e-04
2.5783e-01 2.5145e-01 6.7440e-04
2.5961e-01 2.5151e-01 7.0294e-04
2.6142e-01 2.5159e-01 7.3269e-04
2.6323e-01 2.5166e-01 7.6369e-04
2.6506e-01 2.5174e-01 7.9601e-04
2.6690e-01 2.5182e-01 8.2970e-04
2.6875e-01 2.5191e-01 8.6481e-04
2.7061e-01 2.5199e-01 9.0141e-04
2.7249e-01 2.5209e-01 9.3955e-04
2.7438e-01 2.5218e-01 9.7931e-04
2.7629e-01 2.5229e-01 1.0207e-03
2.7820e-01 2.5239e-01 1.0639e-03
2.8014e-01 2.5250e-01 1.1089e-03
2.8208e-01 2.5262e-01 1.1559e-03
2.8404e-01 2.5274e-01 1.2048e-03
2.8601e-01 2.5286e-01 1.2557e-03
2.8799e-01 2.5299e-01 1.3089e-03
2.8999e-01 2.5313e-01 1.3642e-03
2.9200e-01 2.5327e-01 1.4219e-03
2.9403e-01 2.5342e-01 1.4821e-03
2.9607e-01 2.5358e-01 1.5448e-03
2.9813e-01 2.5374e-01 1.6101e-03
3.0019e-01 2.5391e-01 1.6782e-03
3.0228e-01 2.5408e-01 1.7492e-03
3.0437e-01 2.5426e-01 1.8231e-03
3.0649e-01 2.5445e-01 1.9002e-03
3.0861e-01 2.5465e-01 1.9806e-03
3.1076e-01 2.5486e-01 2.0643e-03
3.1291e-01 2.5508e-01 2.1516e-03
3.1508e-01 2.5530e-01 2.2425e-03
3.1727e-01 2.5553e-01 2.3373e-03
3.1947e-01 2.5578e-01 2.4361e-03
3.2169e-01 2.5603e-01 2.5390e-03
3.2392e-01 2.5630e-01 2.6463e-03
3.2617e-01 2.5657e-01 2.7581e-03
3.2843e-01 2.5686e-01 2.8746e-03
3.3071e-01 2.5716e-01 2.9960e-03
3.3301e-01 2.5747e-01 3.1225e-03
3.3532e-01 2.5779e-01 3.2544e-03
3.3764e-01 2.5813e-01 3.3918e-03
3.3999e-01 2.5848e-01 3.5349e-03
3.4235e-01 2.5885e-01 3.6841e-03
3.4472e-01 2.5923e-01 3.8396e-03
3.4712e-01 2.5963e-01 4.0016e-03
3.4952e-01 2.6004e-01 4.1704e-03
3.5195e-01 2.6047e-01 4.3463e-03
3.5439e-01 2.6092e-01 4.5296e-03
3.5685e-01 2.6139e-01 4.7205e-03
3.5933e-01 2.6187e-01 4.9195e-03
3.6182e-01 2.6238e-01 5.1268e-03
3.6433e-01 2.6291e-01 5.3428e-03
3.6686e-01 2.6345e-01 5.5678e-03
3.6941e-01 2.6402e-01 5.8023e-03
3.7197e-01 2.6462e-01 6.0465e-03
3.7455e-01 2.6523e-01 6.3010e-03
3.7715e-01 2.6588e-01 6.5661e-03
3.7977e-01 2.6654e-01 6.8422e-03
3.8240e-01 2.6724e-01 7.1299e-03
3.8506e-01 2.6796e-01 7.4296e-03
3.8773e-01 2.6872e-01 7.7417e-03
3.9042e-01 2.6950e-01 8.0668e-03
3.9313e-01 2.7031e-01 8.4055e-03
3.9586e-01 2.7116e-01 8.7582e-03
3.9861e-01 2.7204e-01 9.1255e-03
4.0137e-01 2.7295e-01 9.5081e-03
4.0416e-01 2.7390e-01 9.9065e-03
4.0696e-01 2.7489e-01 1.0321e-02
4.0979e-01 2.7592e-01 1.0754e-02
4.1263e-01 2.7699e-01 1.1203e-02
4.1549e-01 2.7810e-01 1.1672e-02
4.1838e-01 2.7925e-01 1.2160e-02
4.2128e-01 2.8045e-01 1.2667e-02
4.2420e-01 2.8170e-01 1.3196e-02
4.2715e-01 2.8299e-01 1.3746e-02
4.3011e-01 2.8433e-01 1.4319e-02
4.3310e-01 2.8573e-01 1.4916e-02
4.3610e-01 2.8718e-01 1.5536e-02
4.3913e-01 2.8868e-01 1.6182e-02
4.4218e-01 2.9024e-01 1.6854e-02
4.4524e-01 2.9186e-01 1.7554e-02
4.4833e-01 2.9355e-01 1.8282e-02
4.5144e-01 2.9529e-01 1.9039e-02
4.5458e-01 2.9710e-01 1.9827e-02
4.5773e-01 2.9898e-01 2.0646e-02
4.6091e-01 3.0093e-01 2.1498e-02
4.6411e-01 3.0295e-01 2.2385e-02
4.6733e-01 3.0505e-01 2.3307e-02
4.7057e-01 3.0722e-01 2.4266e-02
4.7384e-01 3.0947e-01 2.5263e-02
4.7713e-01 3.1180e-01 2.6299e-02
4.8044e-01 3.1422e-01 2.7376e-02
4.8377e-01 3.1673e-01 2.8496e-02
4.8713e-01 3.1932e-01 2.9660e-02
4.9051e-01 3.2201e-01 3.0869e-02
4.9391e-01 3.2479e-01 3.2125e-02
4.9734e-01 3.2767e-01 3.3431e-02
5.0079e-01 3.3065e-01 3.4787e-02
5.0427e-01 3.3373e-01 3.6195e-02
5.0777e-01 3.3693e-01 3.7657e-02
5.1129e-01 3.4023e-01 3.9175e-02
5.1484e-01 3.4364e-01 4.0752e-02
5.1841e-01 3.4717e-01 4.2388e-02
5.2201e-01 3.5082e-01 4.4085e-02
5.2563e-01 3.5459e-01 4.5847e-02
5.2928e-01 3.5849e-01 4.7675e-02
5.3295e-01 3.6251e-01 4.9571e-02
5.3665e-01 3.6667e-01 5.1537e-02
5.4037e-01 3.7096e-01 5.3575e-02
5.4412e-01 3.7540e-01 5.5689e-02
5.4790e-01 3.7997e-01 5.7879e-02
5.5170e-01 3.8470e-01 6.0150e-02
5.5553e-01 3.8957e-01 6.2502e-02
5.5939e-01 3.9459e-01 6.4938e-02
5.6327e-01 3.9978e-01 6.7462e-02
5.6718e-01 4.0512e-01 7.0075e-02
5.7111e-01 4.1063e-01 7.2780e-02
5.7508e-01 4.1631e-01 7.5580e-02
5.7907e-01 4.2216e-01 7.8477e-02
5.8309e-01 4.2819e-01 8.1475e-02
5.8713e-01 4.3440e-01 8.4576e-02
5.9121e-01 4.4079e-01 8.7783e-02
5.9531e-01 4.4737e-01 9.1099e-02
5.9944e-01 4.5415e-01 9.4526e-02
6.0360e-01 4.6112e-01 9.8068e-02
6.0779e-01 4.6830e-01 1.0173e-01
6.1201e-01 4.7568e-01 1.0551e-01
6.1625e-01 4.8326e-01 1.0941e-01
6.2053e-01 4.9107e-01 1.1345e-01
6.2484e-01 4.9909e-01 1.1761e-01
6.2917e-01 5.0734e-01 1.2190e-01
6.3354e-01 5.1581e-01 1.2634e-01
6.3794e-01 5.2452e-01 1.3091e-01
6.4236e-01 5.3347e-01 1.3562e-01
6.4682e-01 5.4266e-01 1.4049e-01
6.5131e-01 5.5209e-01 1.4550e-01
6.5583e-01 5.6178e-01 1.5067e-01
6.6038e-01 5.7172e-01 1.5599e-01
6.6496e-01 5.8193e-01 1.6148e-01
6.6958e-01 5.9240e-01 1.6713e-01
6.7422e-01 6.0315e-01 1.7295e-01
6.7890e-01 6.1418e-01 1.7894e-01
6.8361e-01 6.2549e-01 1.8511e-01
6.8836e-01 6.3708e-01 1.9146e-01
6.9313e-01 6.4897e-01 1.9799e-01
6.9795e-01 6.6117e-01 2.0471e-01
7.0279e-01 6.7367e-01 2.1162e-01
7.0767e-01 6.8648e-01 2.1873e-01
7.1258e-01 6.9960e-01 2.2604e-01
7.1752e-01 7.1306e-01 2.3355e-01
7.2250e-01 7.2684e-01 2.4127e-01
7.2751e-01 7.4096e-01 2.4920e-01
7.3256e-01 7.5542e-01 2.5735e-01
7.3765e-01 7.7024e-01 2.6573e-01
7.4277e-01 7.8540e-01 2.7432e-01
7.4792e-01 8.0094e-01 2.8315e-01
7.5311e-01 8.1684e-01 2.9222e-01
7.5834e-01 8.3312e-01 3.0153e-01
7.6360e-01 8.4979e-01 3.1108e-01
7.6890e-01 8.6684e-01 3.2088e-01
7.7424e-01 8.8430e-01 3.3093e-01
7.7961e-01 9.0217e-01 3.4125e-01
7.8502e-01 9.2045e-01 3.5183e-01
7.9047e-01 9.3915e-01 3.6268e-01
7.9595e-01 9.5829e-01 3.7381e-01
8.0148e-01 9.7786e-01 3.8522e-01
8.0704e-01 9.9789e-01 3.9692e-01
8.1264e-01 1.0184e+00 4.0891e-01
8.1828e-01 1.0393e+00 4.2120e-01
8.2396e-01 1.0607e+00 4.3379e-01
8.2967e-01 1.0826e+00 4.4669e-01
8.3543e-01 1.1051e+00 4.5991e-01
8.4123e-01 1.1280e+00 4.7346e-01
8.4707e-01 1.1514e+00 4.8733e-01
8.5294e-01 1.1753e+00 5.0153e-01
8.5886e-01 1.1998e+00 5.1608e-01
8.6482e-01 1.2248e+00 5.3098e-01
8.7083e-01 1.2504e+00 5.4623e-01
8.7687e-01 1.2766e+00 5.6185e-01
8.8295e-01 1.3033e+00 5.7783e-01
8.8908e-01 1.3306e+00 5.9420e-01
8.9525e-01 1.3585e+00 6.1094e-01
9.0146e-01 1.3871e+00 6.2808e-01
9.0772e-01 1.4162e+00 6.4562e-01
9.1402e-01 1.4460e+00 6.6357e-01
9.2036e-01 1.4765e+00 6.8193e-01
9.2675e-01 1.5076e+00 7.0072e-01
9.3318e-01 1.5394e+00 7.1994e-01
9.3966e-01 1.5718e+00 7.3960e-01
9.4618e-01 1.6050e+00 7.5971e-01
9.5274e-01 1.6389e+00 7.8027e-01
9.5936e-01 1.6736e+00 8.0131e-01
9.6601e-01 1.7090e+00 8.2282e-01
9.7272e-01 1.7451e+00 8.4482e-01
9.7947e-01 1.7821e+00 8.6732e-01
9.8626e-01 1.8198e+00 8.9032e-01
9.9311e-01 1.8583e+00 9.1383e-01
1.0000e+00 1.8977e+00 9.3788e-01
