9.9900e-04 4.5585e-01 1.3980e-07
1.0059e-03 4.5676e-01 1.3938e-07
1.0129e-03 4.5767e-01 1.3895e-07
1.0199e-03 4.5858e-01 1.3853e-07
1.0270e-03 4.5948e-01 1.3811e-07
1.0341e-03 4.6038e-01 1.3768e-07
1.0413e-03 4.6128e-01 1.3726e-07
1.0486e-03 4.6217e-01 1.3684e-07
1.0558e-03 4.6307e-01 1.3641e-07
1.0632e-03 4.6396e-01 1.3599e-07
1.0705e-03 4.6484e-01 1.3556e-07
1.0780e-03 4.6573e-01 1.3514e-07
1.0854e-03 4.6661e-01 1.3471e-07
1.0930e-03 4.6749e-01 1.3429e-07
1.1006e-03 4.6836e-01 1.3386e-07
1.1082e-03 4.6923e-01 1.3344e-07
1.1159e-03 4.7010e-01 1.3301e-07
1.1236e-03 4.7097e-01 1.3259e-07
1.1314e-03 4.7184e-01 1.3216e-07
1.1393e-03 4.7270e-01 1.3174e-07
1.1472e-03 4.7356e-01 1.3131e-07
1.1551e-03 4.7441e-01 1.3089e-07
1.1632e-03 4.7527e-01 1.3046e-07
1.1712e-03 4.7612e-01 1.3004e-07
1.1794e-03 4.7696e-01 1.2961e-07
1.1875e-03 4.7781e-01 1.2919e-07
1.1958e-03 4.7865e-01 1.2876e-07
1.2041e-03 4.7949e-01 1.2834e-07
1.2124e-03 4.8032e-01 1.2791e-07
1.2209e-03 4.8116e-01 1.2749e-07
1.2293e-03 4.8199e-01 1.2706e-07
1.2379e-03 4.8281e-01 1.2664e-07
1.2465e-03 4.8364e-01 1.2622e-07
1.2551e-03 4.8446e-01 1.2579e-07
1.2638e-03 4.8528e-01 1.2537e-07
1.2726e-03 4.8609e-01 1.2495e-07
1.2814e-03 4.8691e-01 1.2452e-07
1.2903e-03 4.8772e-01 1.2410e-07
1.2993e-03 4.8852e-01 1.2368e-07
1.3083e-03 4.8933e-01 1.2326e-07
1.3174e-03 4.9013e-01 1.2283e-07
1.3265e-03 4.9093e-01 1.2241e-07
1.3357e-03 4.9172e-01 1.2199e-07
1.3450e-03 4.9251e-01 1.2157e-07
1.3543e-03 4.9330e-01 1.2115e-07
1.3637e-03 4.9409e-01 1.2073e-07
1.3732e-03 4.9487e-01 1.2031e-07
1.3827e-03 4.9565e-01 1.1989e-07
1.3923e-03 4.9643e-01 1.1947e-07
1.4020e-03 4.9721e-01 1.1905e-07
1.4117e-03 4.9798e-01 1.1863e-07
1.4215e-03 4.9875e-01 1.1821e-07
1.4313e-03 4.9951e-01 1.1780e-07
1.4413e-03 5.0028e-01 1.1738e-07
1.4513e-03 5.0104e-01 1.1696e-07
1.4614e-03 5.0179e-01 1.1655e-07
1.4715e-03 5.0255e-01 1.1613e-07
1.4817e-03 5.0330e-01 1.1572e-07
1.4920e-03 5.0405e-01 1.1530e-07
1.5023e-03 5.0479e-01 1.1489e-07
1.5128e-03 5.0553e-01 1.1447e-07
1.5233e-03 5.0627e-01 1.1406e-07
1.5338e-03 5.0701e-01 1.1365e-07
1.5445e-03 5.0774e-01 1.1323e-07
1.5552e-03 5.0847e-01 1.1282e-07
1.5660e-03 5.0920e-01 1.1241e-07
1.5769e-03 5.0993e-01 1.1200e-07
1.5878e-03 5.1065e-01 1.1159e-07
1.5988e-03 5.1137e-01 1.1118e-07
1.6099e-03 5.1208e-01 1.1077e-07
1.6211e-03 5.1280e-01 1.1036e-07
1.6323e-03 5.1351e-01 1.0995e-07
1.6437e-03 5.1421e-01 1.0955e-07
1.6551e-03 5.1492e-01 1.0914e-07
1.6666e-03 5.1562e-01 1.0874e-07
1.6781e-03 5.1632e-01 1.0833e-07
1.6898e-03 5.1702e-01 1.0793e-07
1.7015e-03 5.1771e-01 1.0752e-07
1.7133e-03 5.1840e-01 1.0712e-07
1.7252e-03 5.1909e-01 1.0672e-07
1.7372e-03 5.1977e-01 1.0631e-07
1.7492e-03 5.2045e-01 1.0591e-07
1.7614e-03 5.2113e-01 1.0551e-07
1.7736e-03 5.2180e-01 1.0511e-07
1.7859e-03 5.2248e-01 1.0471e-07
1.7983e-03 5.2315e-01 1.0432e-07
1.8108e-03 5.2381e-01 1.0392e-07
1.8233e-03 5.2448e-01 1.0352e-07
1.8360e-03 5.2514e-01 1.0313e-07
1.8487e-03 5.2580e-01 1.0273e-07
1.8616e-03 5.2645e-01 1.0234e-07
1.8745e-03 5.2711e-01 1.0194e-07
1.8875e-03 5.2776e-01 1.0155e-07
1.9006e-03 5.2840e-01 1.0116e-07
1.9138e-03 5.2905e-01 1.0077e-07
1.9270e-03 5.2969e-01 1.0038e-07
1.9404e-03 5.3033e-01 9.9986e-08
1.9539e-03 5.3096e-01 9.9597e-08
1.9674e-03 5.3160e-01 9.9209e-08
1.9811e-03 5.3223e-01 9.8822e-08
1.9948e-03 5.3286e-01 9.8435e-08
2.0087e-03 5.3348e-01 9.8050e-08
2.0226e-03 5.3410e-01 9.7665e-08
2.0367e-03 5.3472e-01 9.7281e-08
2.0508e-03 5.3534e-01 9.6898e-08
2.0650e-03 5.3595e-01 9.6516e-08
2.0794e-03 5.3656e-01 9.6135e-08
2.0938e-03 5.3717e-01 9.5754e-08
2.1083e-03 5.3778e-01 9.5375e-08
2.1230e-03 5.3838e-01 9.4996e-08
2.1377e-03 5.3898e-01 9.4619e-08
2.1525e-03 5.3958e-01 9.4242e-08
2.1675e-03 5.4017e-01 9.3866e-08
2.1825e-03 5.4076e-01 9.3491e-08
2.1976e-03 5.4135e-01 9.3117e-08
2.2129e-03 5.4194e-01 9.2744e-08
2.2283e-03 5.4252e-01 9.2371e-08
2.2437e-03 5.4311e-01 9.2000e-08
2.2593e-03 5.4368e-01 9.1630e-08
2.2750e-03 5.4426e-01 9.1260e-08
2.2908e-03 5.4483e-01 9.0892e-08
2.3067e-03 5.4541e-01 9.0524e-08
2.3227e-03 5.4597e-01 9.0158e-08
2.3388e-03 5.4654e-01 8.9792e-08
2.3550e-03 5.4710e-01 8.9428e-08
2.3713e-03 5.4766e-01 8.9064e-08
2.3878e-03 5.4822e-01 8.8701e-08
2.4044e-03 5.4878e-01 8.8340e-08
2.4211e-03 5.4933e-01 8.7979e-08
2.4379e-03 5.4988e-01 8.7619e-08
2.4548e-03 5.5043e-01 8.7260e-08
2.4718e-03 5.5097e-01 8.6903e-08
2.4890e-03 5.5152e-01 8.6546e-08
2.5062e-03 5.5206e-01 8.6190e-08
2.5236e-03 5.5259e-01 8.5835e-08
2.5411e-03 5.5313e-01 8.5481e-08
2.5588e-03 5.5366e-01 8.5129e-08
2.5765e-03 5.5419e-01 8.4777e-08
2.5944e-03 5.5472e-01 8.4426e-08
2.6124e-03 5.5524e-01 8.4077e-08
2.6306e-03 5.5577e-01 8.3728e-08
2.6488e-03 5.5629e-01 8.3380e-08
2.6672e-03 5.5681e-01 8.3034e-08
2.6857e-03 5.5732e-01 8.2688e-08
2.7043e-03 5.5784e-01 8.2344e-08
2.7231e-03 5.5835e-01 8.2000e-08
2.7420e-03 5.5885e-01 8.1658e-08
2.7610e-03 5.5936e-01 8.1316e-08
2.7802e-03 5.5986e-01 8.0976e-08
2.7995e-03 5.6037e-01 8.0636e-08
2.8189e-03 5.6087e-01 8.0298e-08
2.8385e-03 5.6136e-01 7.9961e-08
2.8582e-03 5.6186e-01 7.9625e-08
2.8780e-03 5.6235e-01 7.9290e-08
2.8980e-03 5.6284e-01 7.8956e-08
2.9181e-03 5.6333e-01 7.8623e-08
2.9383e-03 5.6381e-01 7.8291e-08
2.9587e-03 5.6430e-01 7.7960e-08
2.9793e-03 5.6478e-01 7.7630e-08
2.9999e-03 5.6526e-01 7.7302e-08
3.0208e-03 5.6573e-01 7.6974e-08
3.0417e-03 5.6621e-01 7.6647e-08
3.0628e-03 5.6668e-01 7.6322e-08
3.0841e-03 5.6715e-01 7.5998e-08
3.1055e-03 5.6762e-01 7.5674e-08
3.1270e-03 5.6808e-01 7.5352e-08
3.1487e-03 5.6855e-01 7.5031e-08
3.1706e-03 5.6901e-01 7.4711e-08
3.1926e-03 5.6947e-01 7.4392e-08
3.2147e-03 5.6992e-01 7.4074e-08
3.2371e-03 5.7038e-01 7.3757e-08
3.2595e-03 5.7083e-01 7.3442e-08
3.2821e-03 5.7128e-01 7.3127e-08
3.3049e-03 5.7173e-01 7.2814e-08
3.3279e-03 5.7218e-01 7.2501e-08
3.3509e-03 5.7263e-01 7.2190e-08
3.3742e-03 5.7307e-01 7.1880e-08
3.3976e-03 5.7351e-01 7.1571e-08
3.4212e-03 5.7395e-01 7.1263e-08
3.4449e-03 5.7439e-01 7.0956e-08
3.4688e-03 5.7482e-01 7.0650e-08
3.4929e-03 5.7525e-01 7.0345e-08
3.5172e-03 5.7569e-01 7.0042e-08
3.5416e-03 5.7612e-01 6.9739e-08
3.5661e-03 5.7654e-01 6.9438e-08
3.5909e-03 5.7697e-01 6.9138e-08
3.6158e-03 5.7739e-01 6.8838e-08
3.6409e-03 5.7781e-01 6.8540e-08
3.6662e-03 5.7823e-01 6.8244e-08
3.6916e-03 5.7865e-01 6.7948e-08
3.7172e-03 5.7907e-01 6.7653e-08
3.7430e-03 5.7948e-01 6.7359e-08
3.7690e-03 5.7990e-01 6.7067e-08
3.7952e-03 5.8031e-01 6.6776e-08
3.8215e-03 5.8072e-01 6.6485e-08
3.8480e-03 5.8113e-01 6.6196e-08
3.8747e-03 5.8153e-01 6.5908e-08
3.9016e-03 5.8194e-01 6.5621e-08
3.9287e-03 5.8234e-01 6.5335e-08
3.9559e-03 5.8274e-01 6.5051e-08
3.9834e-03 5.8314e-01 6.4767e-08
4.0110e-03 5.8354e-01 6.4485e-08
4.0389e-03 5.8393e-01 6.4203e-08
4.0669e-03 5.8433e-01 6.3923e-08
4.0951e-03 5.8472e-01 6.3644e-08
4.1235e-03 5.8511e-01 6.3366e-08
4.1522e-03 5.8550e-01 6.3089e-08
4.1810e-03 5.8589e-01 6.2813e-08
4.2100e-03 5.8628e-01 6.2539e-08
4.2392e-03 5.8667e-01 6.2265e-08
4.2686e-03 5.8705e-01 6.1993e-08
4.2982e-03 5.8743e-01 6.1721e-08
4.3281e-03 5.8781e-01 6.1451e-08
4.3581e-03 5.8819e-01 6.1182e-08
4.3884e-03 5.8857e-01 6.0914e-08
4.4188e-03 5.8895e-01 6.0647e-08
4.4495e-03 5.8932e-01 6.0381e-08
4.4803e-03 5.8970e-01 6.0117e-08
4.5114e-03 5.9007e-01 5.9853e-08
4.5427e-03 5.9044e-01 5.9591e-08
4.5743e-03 5.9081e-01 5.9330e-08
4.6060e-03 5.9118e-01 5.9069e-08
4.6380e-03 5.9155e-01 5.8810e-08
4.6702e-03 5.9192e-01 5.8552e-08
4.7026e-03 5.9228e-01 5.8296e-08
4.7352e-03 5.9265e-01 5.8040e-08
4.7681e-03 5.9301e-01 5.7785e-08
4.8012e-03 5.9337e-01 5.7532e-08
4.8345e-03 5.9373e-01 5.7279e-08
4.8680e-03 5.9409e-01 5.7028e-08
4.9018e-03 5.9445e-01 5.6778e-08
4.9358e-03 5.9481e-01 5.6529e-08
4.9701e-03 5.9516e-01 5.6281e-08
5.0046e-03 5.9552e-01 5.6034e-08
5.0393e-03 5.9587e-01 5.5788e-08
5.0743e-03 5.9622e-01 5.5544e-08
5.1095e-03 5.9658e-01 5.5300e-08
5.1449e-03 5.9693e-01 5.5058e-08
5.1806e-03 5.9728e-01 5.4816e-08
5.2166e-03 5.9763e-01 5.4576e-08
5.2528e-03 5.9798e-01 5.4337e-08
5.2893e-03 5.9832e-01 5.4099e-08
5.3260e-03 5.9867e-01 5.3862e-08
5.3629e-03 5.9902e-01 5.3626e-08
5.4001e-03 5.9936e-01 5.3392e-08
5.4376e-03 5.9970e-01 5.3158e-08
5.4753e-03 6.0005e-01 5.2926e-08
5.5133e-03 6.0039e-01 5.2694e-08
5.5516e-03 6.0073e-01 5.2464e-08
5.5901e-03 6.0107e-01 5.2235e-08
5.6289e-03 6.0141e-01 5.2007e-08
5.6680e-03 6.0175e-01 5.1780e-08
5.7073e-03 6.0209e-01 5.1554e-08
5.7469e-03 6.0243e-01 5.1329e-08
5.7868e-03 6.0277e-01 5.1105e-08
5.8270e-03 6.0311e-01 5.0883e-08
5.8674e-03 6.0345e-01 5.0661e-08
5.9081e-03 6.0378e-01 5.0441e-08
5.9491e-03 6.0412e-01 5.0221e-08
5.9904e-03 6.0445e-01 5.0003e-08
6.0320e-03 6.0479e-01 4.9786e-08
6.0738e-03 6.0512e-01 4.9570e-08
6.1160e-03 6.0546e-01 4.9355e-08
6.1584e-03 6.0579e-01 4.9141e-08
6.2012e-03 6.0612e-01 4.8928e-08
6.2442e-03 6.0646e-01 4.8717e-08
6.2875e-03 6.0679e-01 4.8506e-08
6.3312e-03 6.0712e-01 4.8296e-08
6.3751e-03 6.0745e-01 4.8088e-08
6.4193e-03 6.0779e-01 4.7881e-08
6.4639e-03 6.0812e-01 4.7674e-08
6.5087e-03 6.0845e-01 4.7469e-08
6.5539e-03 6.0878e-01 4.7265e-08
6.5994e-03 6.0911e-01 4.7062e-08
6.6452e-03 6.0945e-01 4.6860e-08
6.6913e-03 6.0978e-01 4.6659e-08
6.7377e-03 6.1011e-01 4.6460e-08
6.7845e-03 6.1044e-01 4.6261e-08
6.8316e-03 6.1077e-01 4.6063e-08
6.8790e-03 6.1110e-01 4.5867e-08
6.9267e-03 6.1143e-01 4.5672e-08
6.9748e-03 6.1176e-01 4.5477e-08
7.0232e-03 6.1210e-01 4.5284e-08
7.0719e-03 6.1243e-01 4.5092e-08
7.1210e-03 6.1276e-01 4.4901e-08
7.1704e-03 6.1309e-01 4.4711e-08
7.2202e-03 6.1342e-01 4.4522e-08
7.2703e-03 6.1376e-01 4.4334e-08
7.3208e-03 6.1409e-01 4.4147e-08
7.3716e-03 6.1442e-01 4.3961e-08
7.4227e-03 6.1476e-01 4.3777e-08
7.4742e-03 6.1509e-01 4.3593e-08
7.5261e-03 6.1543e-01 4.3411e-08
7.5783e-03 6.1576e-01 4.3229e-08
7.6309e-03 6.1610e-01 4.3049e-08
7.6839e-03 6.1643e-01 4.2870e-08
7.7372e-03 6.1677e-01 4.2692e-08
7.7909e-03 6.1711e-01 4.2515e-08
7.8450e-03 6.1745e-01 4.2339e-08
7.8994e-03 6.1778e-01 4.2164e-08
7.9542e-03 6.1812e-01 4.1990e-08
8.0094e-03 6.1846e-01 4.1817e-08
8.0650e-03 6.1880e-01 4.1646e-08
8.1210e-03 6.1914e-01 4.1475e-08
8.1773e-03 6.1949e-01 4.1305e-08
8.2341e-03 6.1983e-01 4.1137e-08
8.2912e-03 6.2017e-01 4.0970e-08
8.3487e-03 6.2052e-01 4.0803e-08
8.4067e-03 6.2086e-01 4.0638e-08
8.4650e-03 6.2121e-01 4.0474e-08
8.5238e-03 6.2156e-01 4.0311e-08
8.5829e-03 6.2191e-01 4.0149e-08
8.6425e-03 6.2226e-01 3.9988e-08
8.7025e-03 6.2261e-01 3.9828e-08
8.7628e-03 6.2296e-01 3.9670e-08
8.8237e-03 6.2331e-01 3.9512e-08
8.8849e-03 6.2367e-01 3.9356e-08
8.9466e-03 6.2402e-01 3.9200e-08
9.0086e-03 6.2438e-01 3.9046e-08
9.0712e-03 6.2474e-01 3.8892e-08
9.1341e-03 6.2510e-01 3.8740e-08
9.1975e-03 6.2546e-01 3.8589e-08
9.2613e-03 6.2582e-01 3.8439e-08
9.3256e-03 6.2618e-01 3.8290e-08
9.3903e-03 6.2655e-01 3.8142e-08
9.4555e-03 6.2692e-01 3.7996e-08
9.5211e-03 6.2729e-01 3.7850e-08
9.5872e-03 6.2766e-01 3.7705e-08
9.6537e-03 6.2803e-01 3.7562e-08
9.7207e-03 6.2840e-01 3.7420e-08
9.7881e-03 6.2877e-01 3.7278e-08
9.8561e-03 6.2915e-01 3.7138e-08
9.9245e-03 6.2953e-01 3.6999e-08
9.9933e-03 6.2991e-01 3.6861e-08
1.0063e-02 6.3029e-01 3.6724e-08
1.0133e-02 6.3068e-01 3.6588e-08
1.0203e-02 6.3106e-01 3.6454e-08
1.0274e-02 6.3145e-01 3.6320e-08
1.0345e-02 6.3184e-01 3.6188e-08
1.0417e-02 6.3223e-01 3.6056e-08
1.0489e-02 6.3262e-01 3.5926e-08
1.0562e-02 6.3302e-01 3.5797e-08
1.0635e-02 6.3342e-01 3.5669e-08
1.0709e-02 6.3382e-01 3.5542e-08
1.0783e-02 6.3422e-01 3.5417e-08
1.0858e-02 6.3462e-01 3.5292e-08
1.0933e-02 6.3503e-01 3.5169e-08
1.1009e-02 6.3544e-01 3.5046e-08
1.1086e-02 6.3585e-01 3.4925e-08
1.1163e-02 6.3626e-01 3.4805e-08
1.1240e-02 6.3668e-01 3.4686e-08
1.1318e-02 6.3709e-01 3.4568e-08
1.1397e-02 6.3752e-01 3.4452e-08
1.1476e-02 6.3794e-01 3.4336e-08
1.1555e-02 6.3836e-01 3.4222e-08
1.1636e-02 6.3879e-01 3.4109e-08
1.1716e-02 6.3922e-01 3.3997e-08
1.1798e-02 6.3965e-01 3.3886e-08
1.1879e-02 6.4009e-01 3.3776e-08
1.1962e-02 6.4052e-01 3.3667e-08
1.2045e-02 6.4096e-01 3.3560e-08
1.2128e-02 6.4141e-01 3.3454e-08
1.2213e-02 6.4185e-01 3.3349e-08
1.2297e-02 6.4230e-01 3.3245e-08
1.2383e-02 6.4275e-01 3.3142e-08
1.2469e-02 6.4320e-01 3.3041e-08
1.2555e-02 6.4366e-01 3.2941e-08
1.2642e-02 6.4412e-01 3.2842e-08
1.2730e-02 6.4458e-01 3.2744e-08
1.2818e-02 6.4504e-01 3.2647e-08
1.2907e-02 6.4551e-01 3.2552e-08
1.2997e-02 6.4598e-01 3.2458e-08
1.3087e-02 6.4645e-01 3.2365e-08
1.3178e-02 6.4692e-01 3.2273e-08
1.3269e-02 6.4740e-01 3.2183e-08
1.3361e-02 6.4788e-01 3.2093e-08
1.3454e-02 6.4836e-01 3.2005e-08
1.3548e-02 6.4885e-01 3.1919e-08
1.3642e-02 6.4934e-01 3.1833e-08
1.3736e-02 6.4983e-01 3.1749e-08
1.3832e-02 6.5032e-01 3.1666e-08
1.3928e-02 6.5082e-01 3.1584e-08
1.4024e-02 6.5131e-01 3.1504e-08
1.4122e-02 6.5181e-01 3.1425e-08
1.4220e-02 6.5232e-01 3.1347e-08
1.4318e-02 6.5282e-01 3.1271e-08
1.4418e-02 6.5333e-01 3.1196e-08
1.4518e-02 6.5384e-01 3.1122e-08
1.4618e-02 6.5436e-01 3.1049e-08
1.4720e-02 6.5487e-01 3.0978e-08
1.4822e-02 6.5539e-01 3.0908e-08
1.4925e-02 6.5591e-01 3.0840e-08
1.5028e-02 6.5643e-01 3.0773e-08
1.5133e-02 6.5696e-01 3.0707e-08
1.5238e-02 6.5748e-01 3.0643e-08
1.5343e-02 6.5801e-01 3.0580e-08
1.5450e-02 6.5854e-01 3.0518e-08
1.5557e-02 6.5907e-01 3.0458e-08
1.5665e-02 6.5961e-01 3.0400e-08
1.5774e-02 6.6014e-01 3.0342e-08
1.5883e-02 6.6068e-01 3.0286e-08
1.5994e-02 6.6122e-01 3.0232e-08
1.6105e-02 6.6176e-01 3.0179e-08
1.6216e-02 6.6230e-01 3.0128e-08
1.6329e-02 6.6284e-01 3.0078e-08
1.6442e-02 6.6338e-01 3.0029e-08
1.6556e-02 6.6393e-01 2.9982e-08
1.6671e-02 6.6447e-01 2.9937e-08
1.6787e-02 6.6502e-01 2.9893e-08
1.6903e-02 6.6556e-01 2.9851e-08
1.7021e-02 6.6611e-01 2.9810e-08
1.7139e-02 6.6665e-01 2.9771e-08
1.7258e-02 6.6720e-01 2.9733e-08
1.7377e-02 6.6774e-01 2.9697e-08
1.7498e-02 6.6829e-01 2.9663e-08
1.7619e-02 6.6883e-01 2.9630e-08
1.7742e-02 6.6937e-01 2.9599e-08
1.7865e-02 6.6992e-01 2.9570e-08
1.7989e-02 6.7046e-01 2.9542e-08
1.8114e-02 6.7099e-01 2.9516e-08
1.8239e-02 6.7153e-01 2.9491e-08
1.8366e-02 6.7207e-01 2.9469e-08
1.8493e-02 6.7260e-01 2.9448e-08
1.8622e-02 6.7313e-01 2.9429e-08
1.8751e-02 6.7365e-01 2.9411e-08
1.8881e-02 6.7418e-01 2.9396e-08
1.9012e-02 6.7469e-01 2.9382e-08
1.9144e-02 6.7521e-01 2.9370e-08
1.9277e-02 6.7572e-01 2.9360e-08
1.9411e-02 6.7623e-01 2.9352e-08
1.9545e-02 6.7673e-01 2.9346e-08
1.9681e-02 6.7722e-01 2.9342e-08
1.9818e-02 6.7771e-01 2.9339e-08
1.9955e-02 6.7819e-01 2.9339e-08
2.0094e-02 6.7867e-01 2.9340e-08
2.0233e-02 6.7914e-01 2.9344e-08
2.0373e-02 6.7960e-01 2.9350e-08
2.0515e-02 6.8005e-01 2.9357e-08
2.0657e-02 6.8049e-01 2.9367e-08
2.0801e-02 6.8092e-01 2.9379e-08
2.0945e-02 6.8135e-01 2.9393e-08
2.1090e-02 6.8176e-01 2.9409e-08
2.1237e-02 6.8217e-01 2.9428e-08
2.1384e-02 6.8256e-01 2.9449e-08
2.1532e-02 6.8294e-01 2.9471e-08
2.1682e-02 6.8330e-01 2.9497e-08
2.1832e-02 6.8366e-01 2.9524e-08
2.1984e-02 6.8399e-01 2.9554e-08
2.2136e-02 6.8432e-01 2.9586e-08
2.2290e-02 6.8463e-01 2.9621e-08
2.2445e-02 6.8492e-01 2.9658e-08
2.2600e-02 6.8519e-01 2.9698e-08
2.2757e-02 6.8545e-01 2.9740e-08
2.2915e-02 6.8569e-01 2.9784e-08
2.3074e-02 6.8591e-01 2.9832e-08
2.3234e-02 6.8611e-01 2.9882e-08
2.3396e-02 6.8629e-01 2.9934e-08
2.3558e-02 6.8645e-01 2.9989e-08
2.3721e-02 6.8658e-01 3.0047e-08
2.3886e-02 6.8670e-01 3.0108e-08
2.4052e-02 6.8678e-01 3.0172e-08
2.4219e-02 6.8685e-01 3.0239e-08
2.4387e-02 6.8688e-01 3.0308e-08
2.4556e-02 6.8689e-01 3.0381e-08
2.4726e-02 6.8687e-01 3.0456e-08
2.4898e-02 6.8682e-01 3.0535e-08
2.5071e-02 6.8674e-01 3.0616e-08
2.5245e-02 6.8664e-01 3.0701e-08
2.5420e-02 6.8649e-01 3.0790e-08
2.5596e-02 6.8632e-01 3.0881e-08
2.5774e-02 6.8611e-01 3.0976e-08
2.5953e-02 6.8587e-01 3.1074e-08
2.6133e-02 6.8559e-01 3.1176e-08
2.6314e-02 6.8527e-01 3.1281e-08
2.6497e-02 6.8491e-01 3.1390e-08
2.6681e-02 6.8451e-01 3.1503e-08
2.6866e-02 6.8408e-01 3.1619e-08
2.7052e-02 6.8360e-01 3.1739e-08
2.7240e-02 6.8308e-01 3.1863e-08
2.7429e-02 6.8251e-01 3.1991e-08
2.7620e-02 6.8190e-01 3.2123e-08
2.7811e-02 6.8124e-01 3.2259e-08
2.8004e-02 6.8054e-01 3.2399e-08
2.8199e-02 6.7979e-01 3.2544e-08
2.8394e-02 6.7898e-01 3.2693e-08
2.8591e-02 6.7813e-01 3.2846e-08
2.8790e-02 6.7723e-01 3.3004e-08
2.8989e-02 6.7627e-01 3.3167e-08
2.9191e-02 6.7526e-01 3.3334e-08
2.9393e-02 6.7419e-01 3.3507e-08
2.9597e-02 6.7307e-01 3.3684e-08
2.9803e-02 6.7189e-01 3.3866e-08
3.0009e-02 6.7065e-01 3.4053e-08
3.0218e-02 6.6936e-01 3.4246e-08
3.0427e-02 6.6800e-01 3.4444e-08
3.0638e-02 6.6659e-01 3.4648e-08
3.0851e-02 6.6511e-01 3.4857e-08
3.1065e-02 6.6357e-01 3.5073e-08
3.1281e-02 6.6197e-01 3.5294e-08
3.1498e-02 6.6031e-01 3.5521e-08
3.1716e-02 6.5858e-01 3.5755e-08
3.1937e-02 6.5679e-01 3.5994e-08
3.2158e-02 6.5493e-01 3.6241e-08
3.2381e-02 6.5301e-01 3.6494e-08
3.2606e-02 6.5102e-01 3.6754e-08
3.2832e-02 6.4897e-01 3.7021e-08
3.3060e-02 6.4685e-01 3.7295e-08
3.3290e-02 6.4466e-01 3.7577e-08
3.3521e-02 6.4241e-01 3.7867e-08
3.3753e-02 6.4008e-01 3.8164e-08
3.3987e-02 6.3770e-01 3.8469e-08
3.4223e-02 6.3524e-01 3.8783e-08
3.4461e-02 6.3272e-01 3.9105e-08
3.4700e-02 6.3013e-01 3.9436e-08
3.4941e-02 6.2748e-01 3.9776e-08
3.5183e-02 6.2476e-01 4.0125e-08
3.5427e-02 6.2198e-01 4.0484e-08
3.5673e-02 6.1913e-01 4.0852e-08
3.5921e-02 6.1622e-01 4.1231e-08
3.6170e-02 6.1325e-01 4.1620e-08
3.6421e-02 6.1022e-01 4.2019e-08
3.6674e-02 6.0712e-01 4.2430e-08
3.6928e-02 6.0397e-01 4.2852e-08
3.7185e-02 6.0075e-01 4.3286e-08
3.7443e-02 5.9748e-01 4.3732e-08
3.7703e-02 5.9416e-01 4.4190e-08
3.7964e-02 5.9077e-01 4.4662e-08
3.8228e-02 5.8734e-01 4.5146e-08
3.8493e-02 5.8385e-01 4.5645e-08
3.8760e-02 5.8032e-01 4.6157e-08
3.9029e-02 5.7674e-01 4.6684e-08
3.9300e-02 5.7311e-01 4.7226e-08
3.9573e-02 5.6943e-01 4.7784e-08
3.9847e-02 5.6572e-01 4.8358e-08
4.0124e-02 5.6196e-01 4.8948e-08
4.0402e-02 5.5817e-01 4.9556e-08
4.0683e-02 5.5434e-01 5.0182e-08
4.0965e-02 5.5047e-01 5.0826e-08
4.1249e-02 5.4658e-01 5.1489e-08
4.1535e-02 5.4265e-01 5.2172e-08
4.1824e-02 5.3870e-01 5.2876e-08
4.2114e-02 5.3473e-01 5.3600e-08
4.2406e-02 5.3073e-01 5.4347e-08
4.2700e-02 5.2671e-01 5.5116e-08
4.2997e-02 5.2268e-01 5.5909e-08
4.3295e-02 5.1863e-01 5.6726e-08
4.3596e-02 5.1457e-01 5.7569e-08
4.3898e-02 5.1050e-01 5.8437e-08
4.4203e-02 5.0642e-01 5.9333e-08
4.4510e-02 5.0234e-01 6.0257e-08
4.4818e-02 4.9825e-01 6.1210e-08
4.5129e-02 4.9417e-01 6.2194e-08
4.5443e-02 4.9009e-01 6.3208e-08
4.5758e-02 4.8601e-01 6.4256e-08
4.6076e-02 4.8194e-01 6.5337e-08
4.6395e-02 4.7788e-01 6.6453e-08
4.6717e-02 4.7383e-01 6.7605e-08
4.7041e-02 4.6980e-01 6.8796e-08
4.7368e-02 4.6579e-01 7.0025e-08
4.7697e-02 4.6179e-01 7.1296e-08
4.8028e-02 4.5781e-01 7.2608e-08
4.8361e-02 4.5386e-01 7.3965e-08
4.8697e-02 4.4993e-01 7.5367e-08
4.9034e-02 4.4603e-01 7.6816e-08
4.9375e-02 4.4216e-01 7.8314e-08
4.9717e-02 4.3832e-01 7.9864e-08
5.0062e-02 4.3451e-01 8.1467e-08
5.0410e-02 4.3073e-01 8.3124e-08
5.0760e-02 4.2699e-01 8.4839e-08
5.1112e-02 4.2329e-01 8.6614e-08
5.1467e-02 4.1962e-01 8.8451e-08
5.1824e-02 4.1600e-01 9.0351e-08
5.2183e-02 4.1241e-01 9.2319e-08
5.2546e-02 4.0887e-01 9.4356e-08
5.2910e-02 4.0537e-01 9.6466e-08
5.3277e-02 4.0191e-01 9.8650e-08
5.3647e-02 3.9850e-01 1.0091e-07
5.4019e-02 3.9514e-01 1.0326e-07
5.4394e-02 3.9182e-01 1.0569e-07
5.4772e-02 3.8855e-01 1.0820e-07
5.5152e-02 3.8533e-01 1.1081e-07
5.5535e-02 3.8216e-01 1.1351e-07
5.5920e-02 3.7904e-01 1.1631e-07
5.6308e-02 3.7597e-01 1.1922e-07
5.6699e-02 3.7294e-01 1.2223e-07
5.7092e-02 3.6997e-01 1.2535e-07
5.7488e-02 3.6705e-01 1.2859e-07
5.7887e-02 3.6418e-01 1.3195e-07
5.8289e-02 3.6136e-01 1.3543e-07
5.8694e-02 3.5859e-01 1.3905e-07
5.9101e-02 3.5587e-01 1.4280e-07
5.9511e-02 3.5320e-01 1.4669e-07
5.9924e-02 3.5059e-01 1.5073e-07
6.0340e-02 3.4802e-01 1.5492e-07
6.0759e-02 3.4551e-01 1.5927e-07
6.1180e-02 3.4304e-01 1.6379e-07
6.1605e-02 3.4063e-01 1.6848e-07
6.2032e-02 3.3826e-01 1.7335e-07
6.2463e-02 3.3595e-01 1.7841e-07
6.2896e-02 3.3368e-01 1.8366e-07
6.3333e-02 3.3146e-01 1.8911e-07
6.3772e-02 3.2929e-01 1.9478e-07
6.4215e-02 3.2717e-01 2.0066e-07
6.4660e-02 3.2510e-01 2.0678e-07
6.5109e-02 3.2307e-01 2.1313e-07
6.5561e-02 3.2108e-01 2.1973e-07
6.6016e-02 3.1915e-01 2.2659e-07
6.6474e-02 3.1725e-01 2.3372e-07
6.6935e-02 3.1540e-01 2.4112e-07
6.7400e-02 3.1360e-01 2.4882e-07
6.7868e-02 3.1183e-01 2.5683e-07
6.8339e-02 3.1011e-01 2.6514e-07
6.8813e-02 3.0844e-01 2.7379e-07
6.9290e-02 3.0680e-01 2.8279e-07
6.9771e-02 3.0520e-01 2.9214e-07
7.0255e-02 3.0364e-01 3.0186e-07
7.0743e-02 3.0212e-01 3.1197e-07
7.1234e-02 3.0064e-01 3.2248e-07
7.1728e-02 2.9919e-01 3.3342e-07
7.2226e-02 2.9779e-01 3.4479e-07
7.2727e-02 2.9641e-01 3.5662e-07
7.3232e-02 2.9508e-01 3.6892e-07
7.3740e-02 2.9378e-01 3.8172e-07
7.4252e-02 2.9251e-01 3.9504e-07
7.4767e-02 2.9127e-01 4.0889e-07
7.5286e-02 2.9007e-01 4.2331e-07
7.5808e-02 2.8890e-01 4.3831e-07
7.6335e-02 2.8776e-01 4.5391e-07
7.6864e-02 2.8665e-01 4.7015e-07
7.7398e-02 2.8557e-01 4.8705e-07
7.7935e-02 2.8452e-01 5.0464e-07
7.8476e-02 2.8350e-01 5.2294e-07
7.9020e-02 2.8250e-01 5.4199e-07
7.9569e-02 2.8154e-01 5.6181e-07
8.0121e-02 2.8060e-01 5.8245e-07
8.0677e-02 2.7968e-01 6.0393e-07
8.1237e-02 2.7879e-01 6.2629e-07
8.1800e-02 2.7793e-01 6.4957e-07
8.2368e-02 2.7709e-01 6.7380e-07
8.2940e-02 2.7627e-01 6.9903e-07
8.3515e-02 2.7548e-01 7.2530e-07
8.4095e-02 2.7470e-01 7.5264e-07
8.4678e-02 2.7395e-01 7.8111e-07
8.5266e-02 2.7322e-01 8.1076e-07
8.5858e-02 2.7252e-01 8.4162e-07
8.6454e-02 2.7183e-01 8.7377e-07
8.7054e-02 2.7116e-01 9.0723e-07
8.7658e-02 2.7051e-01 9.4209e-07
8.8266e-02 2.6988e-01 9.7838e-07
8.8879e-02 2.6927e-01 1.0162e-06
8.9495e-02 2.6867e-01 1.0555e-06
9.0116e-02 2.6809e-01 1.0965e-06
9.0742e-02 2.6753e-01 1.1392e-06
9.1371e-02 2.6699e-01 1.1837e-06
9.2006e-02 2.6646e-01 1.2300e-06
9.2644e-02 2.6595e-01 1.2782e-06
9.3287e-02 2.6545e-01 1.3285e-06
9.3934e-02 2.6497e-01 1.3808e-06
9.4586e-02 2.6450e-01 1.4353e-06
9.5243e-02 2.6404e-01 1.4921e-06
9.5904e-02 2.6360e-01 1.5513e-06
9.6569e-02 2.6317e-01 1.6129e-06
9.7239e-02 2.6275e-01 1.6770e-06
9.7914e-02 2.6235e-01 1.7439e-06
9.8594e-02 2.6196e-01 1.8136e-06
9.9278e-02 2.6158e-01 1.8861e-06
9.9967e-02 2.6121e-01 1.9617e-06
1.0066e-01 2.6085e-01 2.0405e-06
1.0136e-01 2.6051e-01 2.1225e-06
1.0206e-01 2.6017e-01 2.2080e-06
1.0277e-01 2.5984e-01 2.2970e-06
1.0348e-01 2.5953e-01 2.3898e-06
1.0420e-01 2.5922e-01 2.4865e-06
1.0493e-01 2.5892e-01 2.5872e-06
1.0565e-01 2.5864e-01 2.6921e-06
1.0639e-01 2.5836e-01 2.8015e-06
1.0712e-01 2.5809e-01 2.9154e-06
1.0787e-01 2.5782e-01 3.0341e-06
1.0862e-01 2.5757e-01 3.1578e-06
1.0937e-01 2.5732e-01 3.2866e-06
1.1013e-01 2.5708e-01 3.4209e-06
1.1089e-01 2.5685e-01 3.5608e-06
1.1166e-01 2.5663e-01 3.7066e-06
1.1244e-01 2.5641e-01 3.8585e-06
1.1322e-01 2.5620e-01 4.0168e-06
1.1400e-01 2.5599e-01 4.1818e-06
1.1480e-01 2.5580e-01 4.3537e-06
1.1559e-01 2.5560e-01 4.5328e-06
1.1639e-01 2.5542e-01 4.7194e-06
1.1720e-01 2.5524e-01 4.9139e-06
1.1802e-01 2.5507e-01 5.1166e-06
1.1883e-01 2.5490e-01 5.3278e-06
1.1966e-01 2.5473e-01 5.5479e-06
1.2049e-01 2.5458e-01 5.7773e-06
1.2133e-01 2.5442e-01 6.0163e-06
1.2217e-01 2.5428e-01 6.2654e-06
1.2302e-01 2.5413e-01 6.5250e-06
1.2387e-01 2.5399e-01 6.7955e-06
1.2473e-01 2.5386e-01 7.0774e-06
1.2559e-01 2.5373e-01 7.3712e-06
1.2647e-01 2.5360e-01 7.6773e-06
1.2734e-01 2.5348e-01 7.9964e-06
1.2823e-01 2.5337e-01 8.3289e-06
1.2912e-01 2.5325e-01 8.6755e-06
1.3001e-01 2.5314e-01 9.0366e-06
1.3091e-01 2.5304e-01 9.4130e-06
1.3182e-01 2.5293e-01 9.8053e-06
1.3274e-01 2.5283e-01 1.0214e-05
1.3366e-01 2.5274e-01 1.0640e-05
1.3459e-01 2.5265e-01 1.1084e-05
1.3552e-01 2.5256e-01 1.1547e-05
1.3646e-01 2.5247e-01 1.2029e-05
1.3741e-01 2.5239e-01 1.2532e-05
1.3836e-01 2.5231e-01 1.3056e-05
1.3932e-01 2.5223e-01 1.3601e-05
1.4029e-01 2.5216e-01 1.4170e-05
1.4126e-01 2.5208e-01 1.4763e-05
1.4224e-01 2.5201e-01 1.5381e-05
1.4323e-01 2.5195e-01 1.6025e-05
1.4422e-01 2.5188e-01 1.6697e-05
1.4522e-01 2.5182e-01 1.7396e-05
1.4623e-01 2.5176e-01 1.8125e-05
1.4725e-01 2.5170e-01 1.8885e-05
1.4827e-01 2.5165e-01 1.9677e-05
1.4930e-01 2.5160e-01 2.0503e-05
1.5033e-01 2.5154e-01 2.1363e-05
1.5138e-01 2.5150e-01 2.2260e-05
1.5243e-01 2.5145e-01 2.3194e-05
1.5349e-01 2.5140e-01 2.4168e-05
1.5455e-01 2.5136e-01 2.5183e-05
1.5562e-01 2.5132e-01 2.6241e-05
1.5670e-01 2.5128e-01 2.7344e-05
1.5779e-01 2.5124e-01 2.8493e-05
1.5889e-01 2.5121e-01 2.9691e-05
1.5999e-01 2.5117e-01 3.0939e-05
1.6110e-01 2.5114e-01 3.2240e-05
1.6222e-01 2.5111e-01 3.3596e-05
1.6334e-01 2.5108e-01 3.5009e-05
1.6448e-01 2.5105e-01 3.6482e-05
1.6562e-01 2.5103e-01 3.8017e-05
1.6677e-01 2.5100e-01 3.9617e-05
1.6792e-01 2.5098e-01 4.1284e-05
1.6909e-01 2.5096e-01 4.3022e-05
1.7026e-01 2.5094e-01 4.4833e-05
1.7144e-01 2.5092e-01 4.6721e-05
1.7263e-01 2.5090e-01 4.8689e-05
1.7383e-01 2.5088e-01 5.0739e-05
1.7504e-01 2.5087e-01 5.2876e-05
1.7625e-01 2.5085e-01 5.5104e-05
1.7748e-01 2.5084e-01 5.7425e-05
1.7871e-01 2.5083e-01 5.9844e-05
1.7995e-01 2.5082e-01 6.2366e-05
1.8120e-01 2.5081e-01 6.4994e-05
1.8245e-01 2.5080e-01 6.7733e-05
1.8372e-01 2.5080e-01 7.0588e-05
1.8500e-01 2.5079e-01 7.3563e-05
1.8628e-01 2.5079e-01 7.6663e-05
1.8757e-01 2.5079e-01 7.9895e-05
1.8887e-01 2.5079e-01 8.3263e-05
1.9018e-01 2.5079e-01 8.6773e-05
1.9150e-01 2.5079e-01 9.0431e-05
1.9283e-01 2.5079e-01 9.4244e-05
1.9417e-01 2.5079e-01 9.8217e-05
1.9552e-01 2.5080e-01 1.0236e-04
1.9688e-01 2.5080e-01 1.0667e-04
1.9824e-01 2.5081e-01 1.1117e-04
1.9962e-01 2.5082e-01 1.1586e-04
2.0100e-01 2.5083e-01 1.2075e-04
2.0240e-01 2.5084e-01 1.2584e-04
2.0380e-01 2.5085e-01 1.3114e-04
2.0522e-01 2.5086e-01 1.3667e-04
2.0664e-01 2.5088e-01 1.4244e-04
2.0807e-01 2.5089e-01 1.4844e-04
2.0952e-01 2.5091e-01 1.5470e-04
2.1097e-01 2.5093e-01 1.6123e-04
2.1244e-01 2.5095e-01 1.6803e-04
2.1391e-01 2.5097e-01 1.7511e-04
2.1540e-01 2.5099e-01 1.8249e-04
2.1689e-01 2.5102e-01 1.9019e-04
2.1840e-01 2.5104e-01 1.9821e-04
2.1991e-01 2.5107e-01 2.0656e-04
2.2144e-01 2.5110e-01 2.1527e-04
2.2297e-01 2.5113e-01 2.2435e-04
2.2452e-01 2.5116e-01 2.3381e-04
2.2608e-01 2.5119e-01 2.4366e-04
2.2765e-01 2.5122e-01 2.5394e-04
2.2923e-01 2.5126e-01 2.6464e-04
2.3082e-01 2.5130e-01 2.7579e-04
2.3242e-01 2.5134e-01 2.8742e-04
2.3403e-01 2.5138e-01 2.9953e-04
2.3566e-01 2.5142e-01 3.1215e-04
2.3729e-01 2.5147e-01 3.2531e-04
2.3894e-01 2.5152e-01 3.3902e-04
2.4060e-01 2.5156e-01 3.5330e-04
2.4227e-01 2.5162e-01 3.6818e-04
2.4395e-01 2.5167e-01 3.8369e-04
2.4564e-01 2.5172e-01 3.9986e-04
2.4735e-01 2.5178e-01 4.1670e-04
2.4906e-01 2.5184e-01 4.3425e-04
2.5079e-01 2.5191e-01 4.5253e-04
2.5253e-01 2.5197e-01 4.7159e-04
2.5428e-01 2.5204e-01 4.9144e-04
2.5605e-01 2.5211e-01 5.1213e-04
2.5783e-01 2.5218e-01 5.3369e-04
2.5961e-01 2.5226e-01 5.5615e-04
2.6142e-01 2.5234e-01 5.7956e-04
2.6323e-01 2.5242e-01 6.0394e-04
2.6506e-01 2.5250e-01 6.2935e-04
2.6690e-01 2.5259e-01 6.5583e-04
2.6875e-01 2.5268e-01 6.8341e-04
2.7061e-01 2.5278e-01 7.1215e-04
2.7249e-01 2.5288e-01 7.4210e-04
2.7438e-01 2.5298e-01 7.7330e-04
2.7629e-01 2.5309e-01 8.0581e-04
2.7820e-01 2.5320e-01 8.3967e-04
2.8014e-01 2.5331e-01 8.7496e-04
2.8208e-01 2.5343e-01 9.1172e-04
2.8404e-01 2.5355e-01 9.5002e-04
2.8601e-01 2.5368e-01 9.8992e-04
2.8799e-01 2.5381e-01 1.0315e-03
2.8999e-01 2.5395e-01 1.0748e-03
2.9200e-01 2.5409e-01 1.1199e-03
2.9403e-01 2.5424e-01 1.1669e-03
2.9607e-01 2.5440e-01 1.2159e-03
2.9813e-01 2.5456e-01 1.2669e-03
3.0019e-01 2.5472e-01 1.3200e-03
3.0228e-01 2.5489e-01 1.3754e-03
3.0437e-01 2.5507e-01 1.4330e-03
3.0649e-01 2.5526e-01 1.4931e-03
3.0861e-01 2.5545e-01 1.5556e-03
3.1076e-01 2.5565e-01 1.6208e-03
3.1291e-01 2.5585e-01 1.6887e-03
3.1508e-01 2.5607e-01 1.7594e-03
3.1727e-01 2.5629e-01 1.8330e-03
3.1947e-01 2.5652e-01 1.9097e-03
3.2169e-01 2.5676e-01 1.9896e-03
3.2392e-01 2.5701e-01 2.0728e-03
3.2617e-01 2.5726e-01 2.1595e-03
3.2843e-01 2.5753e-01 2.2497e-03
3.3071e-01 2.5781e-01 2.3437e-03
3.3301e-01 2.5809e-01 2.4416e-03
3.3532e-01 2.5839e-01 2.5435e-03
3.3764e-01 2.5870e-01 2.6497e-03
3.3999e-01 2.5902e-01 2.7602e-03
3.4235e-01 2.5935e-01 2.8753e-03
3.4472e-01 2.5970e-01 2.9952e-03
3.4712e-01 2.6005e-01 3.1200e-03
3.4952e-01 2.6042e-01 3.2499e-03
3.5195e-01 2.6081e-01 3.3853e-03
3.5439e-01 2.6121e-01 3.5261e-03
3.5685e-01 2.6162e-01 3.6728e-03
3.5933e-01 2.6205e-01 3.8255e-03
3.6182e-01 2.6250e-01 3.9845e-03
3.6433e-01 2.6296e-01 4.1500e-03
3.6686e-01 2.6344e-01 4.3223e-03
3.6941e-01 2.6393e-01 4.5017e-03
3.7197e-01 2.6445e-01 4.6884e-03
3.7455e-01 2.6498e-01 4.8827e-03
3.7715e-01 2.6554e-01 5.0850e-03
3.7977e-01 2.6611e-01 5.2955e-03
3.8240e-01 2.6671e-01 5.5146e-03
3.8506e-01 2.6733e-01 5.7426e-03
3.8773e-01 2.6797e-01 5.9799e-03
3.9042e-01 2.6863e-01 6.2269e-03
3.9313e-01 2.6932e-01 6.4839e-03
3.9586e-01 2.7004e-01 6.7512e-03
3.9861e-01 2.7078e-01 7.0295e-03
4.0137e-01 2.7154e-01 7.3189e-03
4.0416e-01 2.7234e-01 7.6201e-03
4.0696e-01 2.7317e-01 7.9334e-03
4.0979e-01 2.7402e-01 8.2592e-03
4.1263e-01 2.7491e-01 8.5982e-03
4.1549e-01 2.7583e-01 8.9509e-03
4.1838e-01 2.7678e-01 9.3176e-03
4.2128e-01 2.7776e-01 9.6990e-03
4.2420e-01 2.7879e-01 1.0096e-02
4.2715e-01 2.7984e-01 1.0508e-02
4.3011e-01 2.8094e-01 1.0937e-02
4.3310e-01 2.8208e-01 1.1383e-02
4.3610e-01 2.8325e-01 1.1846e-02
4.3913e-01 2.8447e-01 1.2328e-02
4.4218e-01 2.8573e-01 1.2829e-02
4.4524e-01 2.8703e-01 1.3350e-02
4.4833e-01 2.8839e-01 1.3891e-02
4.5144e-01 2.8978e-01 1.4453e-02
4.5458e-01 2.9123e-01 1.5038e-02
4.5773e-01 2.9273e-01 1.5645e-02
4.6091e-01 2.9428e-01 1.6275e-02
4.6411e-01 2.9588e-01 1.6931e-02
4.6733e-01 2.9754e-01 1.7611e-02
4.7057e-01 2.9926e-01 1.8318e-02
4.7384e-01 3.0103e-01 1.9052e-02
4.7713e-01 3.0286e-01 1.9814e-02
4.8044e-01 3.0476e-01 2.0605e-02
4.8377e-01 3.0672e-01 2.1427e-02
4.8713e-01 3.0874e-01 2.2280e-02
4.9051e-01 3.1083e-01 2.3165e-02
4.9391e-01 3.1299e-01 2.4083e-02
4.9734e-01 3.1523e-01 2.5036e-02
5.0079e-01 3.1753e-01 2.6024e-02
5.0427e-01 3.1991e-01 2.7050e-02
5.0777e-01 3.2237e-01 2.8113e-02
5.1129e-01 3.2490e-01 2.9216e-02
5.1484e-01 3.2752e-01 3.0360e-02
5.1841e-01 3.3021e-01 3.1545e-02
5.2201e-01 3.3300e-01 3.2774e-02
5.2563e-01 3.3587e-01 3.4047e-02
5.2928e-01 3.3883e-01 3.5367e-02
5.3295e-01 3.4188e-01 3.6734e-02
5.3665e-01 3.4502e-01 3.8150e-02
5.4037e-01 3.4826e-01 3.9616e-02
5.4412e-01 3.5159e-01 4.1135e-02
5.4790e-01 3.5503e-01 4.2706e-02
5.5170e-01 3.5857e-01 4.4333e-02
5.5553e-01 3.6221e-01 4.6017e-02
5.5939e-01 3.6596e-01 4.7759e-02
5.6327e-01 3.6981e-01 4.9561e-02
5.6718e-01 3.7378e-01 5.1425e-02
5.7111e-01 3.7786e-01 5.3352e-02
5.7508e-01 3.8205e-01 5.5345e-02
5.7907e-01 3.8636e-01 5.7404e-02
5.8309e-01 3.9079e-01 5.9532e-02
5.8713e-01 3.9535e-01 6.1731e-02
5.9121e-01 4.0002e-01 6.4002e-02
5.9531e-01 4.0482e-01 6.6347e-02
5.9944e-01 4.0975e-01 6.8768e-02
6.0360e-01 4.1481e-01 7.1268e-02
6.0779e-01 4.2000e-01 7.3847e-02
6.1201e-01 4.2533e-01 7.6508e-02
6.1625e-01 4.3079e-01 7.9254e-02
6.2053e-01 4.3639e-01 8.2084e-02
6.2484e-01 4.4212e-01 8.5003e-02
6.2917e-01 4.4801e-01 8.8012e-02
6.3354e-01 4.5403e-01 9.1112e-02
6.3794e-01 4.6020e-01 9.4306e-02
6.4236e-01 4.6652e-01 9.7596e-02
6.4682e-01 4.7299e-01 1.0098e-01
6.5131e-01 4.7961e-01 1.0447e-01
6.5583e-01 4.8639e-01 1.0806e-01
6.6038e-01 4.9332e-01 1.1176e-01
6.6496e-01 5.0041e-01 1.1556e-01
6.6958e-01 5.0765e-01 1.1947e-01
6.7422e-01 5.1506e-01 1.2349e-01
6.7890e-01 5.2263e-01 1.2762e-01
6.8361e-01 5.3036e-01 1.3187e-01
6.8836e-01 5.3826e-01 1.3623e-01
6.9313e-01 5.4632e-01 1.4071e-01
6.9795e-01 5.5455e-01 1.4532e-01
7.0279e-01 5.6295e-01 1.5005e-01
7.0767e-01 5.7152e-01 1.5490e-01
7.1258e-01 5.8027e-01 1.5988e-01
7.1752e-01 5.8918e-01 1.6499e-01
7.2250e-01 5.9827e-01 1.7023e-01
7.2751e-01 6.0754e-01 1.7560e-01
7.3256e-01 6.1698e-01 1.8112e-01
7.3765e-01 6.2660e-01 1.8677e-01
7.4277e-01 6.3640e-01 1.9256e-01
7.4792e-01 6.4637e-01 1.9849e-01
7.5311e-01 6.5653e-01 2.0456e-01
7.5834e-01 6.6687e-01 2.1079e-01
7.6360e-01 6.7738e-01 2.1716e-01
7.6890e-01 6.8808e-01 2.2368e-01
7.7424e-01 6.9896e-01 2.3036e-01
7.7961e-01 7.1002e-01 2.3719e-01
7.8502e-01 7.2126e-01 2.4418e-01
7.9047e-01 7.3269e-01 2.5132e-01
7.9595e-01 7.4430e-01 2.5863e-01
8.0148e-01 7.5609e-01 2.6610e-01
8.0704e-01 7.6806e-01 2.7373e-01
8.1264e-01 7.8021e-01 2.8154e-01
8.1828e-01 7.9255e-01 2.8951e-01
8.2396e-01 8.0507e-01 2.9765e-01
8.2967e-01 8.1776e-01 3.0597e-01
8.3543e-01 8.3064e-01 3.1446e-01
8.4123e-01 8.4370e-01 3.2312e-01
8.4707e-01 8.5693e-01 3.3197e-01
8.5294e-01 8.7034e-01 3.4099e-01
8.5886e-01 8.8393e-01 3.5020e-01
8.6482e-01 8.9769e-01 3.5960e-01
8.7083e-01 9.1162e-01 3.6917e-01
8.7687e-01 9.2573e-01 3.7894e-01
8.8295e-01 9.4000e-01 3.8890e-01
8.8908e-01 9.5445e-01 3.9905e-01
8.9525e-01 9.6905e-01 4.0939e-01
9.0146e-01 9.8383e-01 4.1992e-01
9.0772e-01 9.9876e-01 4.3065e-01
9.1402e-01 1.0138e+00 4.4158e-01
9.2036e-01 1.0291e+00 4.5271e-01
9.2675e-01 1.0445e+00 4.6404e-01
9.3318e-01 1.0600e+00 4.7557e-01
9.3966e-01 1.0757e+00 4.8731e-01
9.4618e-01 1.0916e+00 4.9925e-01
9.5274e-01 1.1076e+00 5.1140e-01
9.5936e-01 1.1237e+00 5.2376e-01
9.6601e-01 1.1399e+00 5.3632e-01
9.7272e-01 1.1563e+00 5.4910e-01
9.7947e-01 1.1728e+00 5.6209e-01
9.8626e-01 1.1894e+00 5.7529e-01
9.9311e-01 1.2062e+00 5.8870e-01
1.0000e+00 1.2230e+00 6.0233e-01
