9.9900e-04 4.5585e-01 1.0746e-07
1.0059e-03 4.5676e-01 1.0714e-07
1.0129e-03 4.5767e-01 1.0681e-07
1.0199e-03 4.5858e-01 1.0649e-07
1.0270e-03 4.5948e-01 1.0616e-07
1.0341e-03 4.6038e-01 1.0583e-07
1.0413e-03 4.6128e-01 1.0551e-07
1.0486e-03 4.6217e-01 1.0518e-07
1.0558e-03 4.6307e-01 1.0486e-07
1.0632e-03 4.6396e-01 1.0453e-07
1.0705e-03 4.6484e-01 1.0420e-07
1.0780e-03 4.6573e-01 1.0388e-07
1.0854e-03 4.6661e-01 1.0355e-07
1.0930e-03 4.6749e-01 1.0322e-07
1.1006e-03 4.6836e-01 1.0290e-07
1.1082e-03 4.6923e-01 1.0257e-07
1.1159e-03 4.7010e-01 1.0224e-07
1.1236e-03 4.7097e-01 1.0192e-07
1.1314e-03 4.7184e-01 1.0159e-07
1.1393e-03 4.7270e-01 1.0126e-07
1.1472e-03 4.7356e-01 1.0094e-07
1.1551e-03 4.7441e-01 1.0061e-07
1.1632e-03 4.7527e-01 1.0028e-07
1.1712e-03 4.7612e-01 9.9956e-08
1.1794e-03 4.7696e-01 9.9629e-08
1.1875e-03 4.7781e-01 9.9303e-08
1.1958e-03 4.7865e-01 9.8976e-08
1.2041e-03 4.7949e-01 9.8650e-08
1.2124e-03 4.8032e-01 9.8324e-08
1.2209e-03 4.8116e-01 9.7997e-08
1.2293e-03 4.8199e-01 9.7671e-08
1.2379e-03 4.8281e-01 9.7345e-08
1.2465e-03 4.8364e-01 9.7020e-08
1.2551e-03 4.8446e-01 9.6694e-08
1.2638e-03 4.8528e-01 9.6368e-08
1.2726e-03 4.8609e-01 9.6043e-08
1.2814e-03 4.8691e-01 9.5718e-08
1.2903e-03 4.8772e-01 9.5393e-08
1.2993e-03 4.8852e-01 9.5068e-08
1.3083e-03 4.8933e-01 9.4743e-08
1.3174e-03 4.9013e-01 9.4419e-08
1.3265e-03 4.9093e-01 9.4095e-08
1.3357e-03 4.9172e-01 9.3771e-08
1.3450e-03 4.9251e-01 9.3447e-08
1.3543e-03 4.9330e-01 9.3124e-08
1.3637e-03 4.9409e-01 9.2801e-08
1.3732e-03 4.9487e-01 9.2478e-08
1.3827e-03 4.9565e-01 9.2155e-08
1.3923e-03 4.9643e-01 9.1833e-08
1.4020e-03 4.9721e-01 9.1511e-08
1.4117e-03 4.9798e-01 9.1189e-08
1.4215e-03 4.9875e-01 9.0868e-08
1.4313e-03 4.9951e-01 9.0547e-08
1.4413e-03 5.0027e-01 9.0226e-08
1.4513e-03 5.0103e-01 8.9906e-08
1.4614e-03 5.0179e-01 8.9586e-08
1.4715e-03 5.0255e-01 8.9266e-08
1.4817e-03 5.0330e-01 8.8947e-08
1.4920e-03 5.0405e-01 8.8628e-08
1.5023e-03 5.0479e-01 8.8309e-08
1.5128e-03 5.0553e-01 8.7991e-08
1.5233e-03 5.0627e-01 8.7673e-08
1.5338e-03 5.0701e-01 8.7356e-08
1.5445e-03 5.0774e-01 8.7039e-08
1.5552e-03 5.0847e-01 8.6722e-08
1.5660e-03 5.0920e-01 8.6406e-08
1.5769e-03 5.0993e-01 8.6090e-08
1.5878e-03 5.1065e-01 8.5775e-08
1.5988e-03 5.1137e-01 8.5460e-08
1.6099e-03 5.1208e-01 8.5146e-08
1.6211e-03 5.1280e-01 8.4832e-08
1.6323e-03 5.1351e-01 8.4519e-08
1.6437e-03 5.1421e-01 8.4206e-08
1.6551e-03 5.1492e-01 8.3893e-08
1.6666e-03 5.1562e-01 8.3581e-08
1.6781e-03 5.1632e-01 8.3270e-08
1.6898e-03 5.1701e-01 8.2959e-08
1.7015e-03 5.1771e-01 8.2649e-08
1.7133e-03 5.1840e-01 8.2339e-08
1.7252e-03 5.1908e-01 8.2029e-08
1.7372e-03 5.1977e-01 8.1720e-08
1.7492e-03 5.2045e-01 8.1412e-08
1.7614e-03 5.2113e-01 8.1104e-08
1.7736e-03 5.2180e-01 8.0797e-08
1.7859e-03 5.2248e-01 8.0490e-08
1.7983e-03 5.2315e-01 8.0184e-08
1.8108e-03 5.2381e-01 7.9879e-08
1.8233e-03 5.2448e-01 7.9574e-08
1.8360e-03 5.2514e-01 7.9269e-08
1.8487e-03 5.2580e-01 7.8965e-08
1.8616e-03 5.2645e-01 7.8662e-08
1.8745e-03 5.2710e-01 7.8360e-08
1.8875e-03 5.2775e-01 7.8058e-08
1.9006e-03 5.2840e-01 7.7756e-08
1.9138e-03 5.2905e-01 7.7455e-08
1.9270e-03 5.2969e-01 7.7155e-08
1.9404e-03 5.3033e-01 7.6856e-08
1.9539e-03 5.3096e-01 7.6557e-08
1.9674e-03 5.3160e-01 7.6258e-08
1.9811e-03 5.3223e-01 7.5961e-08
1.9948e-03 5.3285e-01 7.5664e-08
2.0087e-03 5.3348e-01 7.5367e-08
2.0226e-03 5.3410e-01 7.5071e-08
2.0367e-03 5.3472e-01 7.4776e-08
2.0508e-03 5.3534e-01 7.4482e-08
2.0650e-03 5.3595e-01 7.4188e-08
2.0794e-03 5.3656e-01 7.3895e-08
2.0938e-03 5.3717e-01 7.3603e-08
2.1083e-03 5.3777e-01 7.3311e-08
2.1230e-03 5.3838e-01 7.3020e-08
2.1377e-03 5.3898e-01 7.2730e-08
2.1525e-03 5.3957e-01 7.2440e-08
2.1675e-03 5.4017e-01 7.2151e-08
2.1825e-03 5.4076e-01 7.1863e-08
2.1976e-03 5.4135e-01 7.1575e-08
2.2129e-03 5.4194e-01 7.1288e-08
2.2283e-03 5.4252e-01 7.1002e-08
2.2437e-03 5.4310e-01 7.0717e-08
2.2593e-03 5.4368e-01 7.0432e-08
2.2750e-03 5.4426e-01 7.0148e-08
2.2908e-03 5.4483e-01 6.9865e-08
2.3067e-03 5.4540e-01 6.9582e-08
2.3227e-03 5.4597e-01 6.9301e-08
2.3388e-03 5.4654e-01 6.9020e-08
2.3550e-03 5.4710e-01 6.8739e-08
2.3713e-03 5.4766e-01 6.8460e-08
2.3878e-03 5.4822e-01 6.8181e-08
2.4044e-03 5.4877e-01 6.7903e-08
2.4211e-03 5.4932e-01 6.7626e-08
2.4379e-03 5.4988e-01 6.7349e-08
2.4548e-03 5.5042e-01 6.7073e-08
2.4718e-03 5.5097e-01 6.6798e-08
2.4890e-03 5.5151e-01 6.6524e-08
2.5062e-03 5.5205e-01 6.6250e-08
2.5236e-03 5.5259e-01 6.5978e-08
2.5411e-03 5.5312e-01 6.5706e-08
2.5588e-03 5.5366e-01 6.5435e-08
2.5765e-03 5.5419e-01 6.5164e-08
2.5944e-03 5.5471e-01 6.4895e-08
2.6124e-03 5.5524e-01 6.4626e-08
2.6306e-03 5.5576e-01 6.4358e-08
2.6488e-03 5.5628e-01 6.4090e-08
2.6672e-03 5.5680e-01 6.3824e-08
2.6857e-03 5.5732e-01 6.3558e-08
2.7043e-03 5.5783e-01 6.3293e-08
2.7231e-03 5.5834e-01 6.3029e-08
2.7420e-03 5.5885e-01 6.2766e-08
2.7610e-03 5.5935e-01 6.2504e-08
2.7802e-03 5.5986e-01 6.2242e-08
2.7995e-03 5.6036e-01 6.1981e-08
2.8189e-03 5.6086e-01 6.1721e-08
2.8385e-03 5.6136e-01 6.1462e-08
2.8582e-03 5.6185e-01 6.1203e-08
2.8780e-03 5.6234e-01 6.0946e-08
2.8980e-03 5.6283e-01 6.0689e-08
2.9181e-03 5.6332e-01 6.0433e-08
2.9383e-03 5.6381e-01 6.0178e-08
2.9587e-03 5.6429e-01 5.9924e-08
2.9793e-03 5.6477e-01 5.9670e-08
2.9999e-03 5.6525e-01 5.9417e-08
3.0208e-03 5.6572e-01 5.9166e-08
3.0417e-03 5.6620e-01 5.8915e-08
3.0628e-03 5.6667e-01 5.8664e-08
3.0841e-03 5.6714e-01 5.8415e-08
3.1055e-03 5.6761e-01 5.8166e-08
3.1270e-03 5.6807e-01 5.7919e-08
3.1487e-03 5.6854e-01 5.7672e-08
3.1706e-03 5.6900e-01 5.7426e-08
3.1926e-03 5.6946e-01 5.7181e-08
3.2147e-03 5.6992e-01 5.6936e-08
3.2371e-03 5.7037e-01 5.6693e-08
3.2595e-03 5.7082e-01 5.6450e-08
3.2821e-03 5.7127e-01 5.6208e-08
3.3049e-03 5.7172e-01 5.5967e-08
3.3279e-03 5.7217e-01 5.5727e-08
3.3509e-03 5.7262e-01 5.5488e-08
3.3742e-03 5.7306e-01 5.5249e-08
3.3976e-03 5.7350e-01 5.5012e-08
3.4212e-03 5.7394e-01 5.4775e-08
3.4449e-03 5.7438e-01 5.4539e-08
3.4688e-03 5.7481e-01 5.4304e-08
3.4929e-03 5.7524e-01 5.4070e-08
3.5172e-03 5.7567e-01 5.3836e-08
3.5416e-03 5.7610e-01 5.3604e-08
3.5661e-03 5.7653e-01 5.3372e-08
3.5909e-03 5.7696e-01 5.3141e-08
3.6158e-03 5.7738e-01 5.2911e-08
3.6409e-03 5.7780e-01 5.2682e-08
3.6662e-03 5.7822e-01 5.2454e-08
3.6916e-03 5.7864e-01 5.2226e-08
3.7172e-03 5.7906e-01 5.2000e-08
3.7430e-03 5.7947e-01 5.1774e-08
3.7690e-03 5.7988e-01 5.1549e-08
3.7952e-03 5.8030e-01 5.1325e-08
3.8215e-03 5.8071e-01 5.1102e-08
3.8480e-03 5.8111e-01 5.0880e-08
3.8747e-03 5.8152e-01 5.0658e-08
3.9016e-03 5.8192e-01 5.0438e-08
3.9287e-03 5.8233e-01 5.0218e-08
3.9559e-03 5.8273e-01 4.9999e-08
3.9834e-03 5.8313e-01 4.9781e-08
4.0110e-03 5.8352e-01 4.9564e-08
4.0389e-03 5.8392e-01 4.9348e-08
4.0669e-03 5.8431e-01 4.9132e-08
4.0951e-03 5.8471e-01 4.8917e-08
4.1235e-03 5.8510e-01 4.8704e-08
4.1522e-03 5.8549e-01 4.8491e-08
4.1810e-03 5.8588e-01 4.8279e-08
4.2100e-03 5.8626e-01 4.8068e-08
4.2392e-03 5.8665e-01 4.7857e-08
4.2686e-03 5.8703e-01 4.7648e-08
4.2982e-03 5.8741e-01 4.7439e-08
4.3281e-03 5.8780e-01 4.7232e-08
4.3581e-03 5.8817e-01 4.7025e-08
4.3884e-03 5.8855e-01 4.6819e-08
4.4188e-03 5.8893e-01 4.6613e-08
4.4495e-03 5.8930e-01 4.6409e-08
4.4803e-03 5.8968e-01 4.6206e-08
4.5114e-03 5.9005e-01 4.6003e-08
4.5427e-03 5.9042e-01 4.5801e-08
4.5743e-03 5.9079e-01 4.5600e-08
4.6060e-03 5.9116e-01 4.5400e-08
4.6380e-03 5.9153e-01 4.5201e-08
4.6702e-03 5.9189e-01 4.5003e-08
4.7026e-03 5.9226e-01 4.4805e-08
4.7352e-03 5.9262e-01 4.4609e-08
4.7681e-03 5.9299e-01 4.4413e-08
4.8012e-03 5.9335e-01 4.4218e-08
4.8345e-03 5.9371e-01 4.4024e-08
4.8680e-03 5.9407e-01 4.3831e-08
4.9018e-03 5.9442e-01 4.3638e-08
4.9358e-03 5.9478e-01 4.3447e-08
4.9701e-03 5.9514e-01 4.3256e-08
5.0046e-03 5.9549e-01 4.3066e-08
5.0393e-03 5.9585e-01 4.2877e-08
5.0743e-03 5.9620e-01 4.2689e-08
5.1095e-03 5.9655e-01 4.2502e-08
5.1449e-03 5.9690e-01 4.2316e-08
5.1806e-03 5.9725e-01 4.2130e-08
5.2166e-03 5.9760e-01 4.1945e-08
5.2528e-03 5.9795e-01 4.1762e-08
5.2893e-03 5.9829e-01 4.1579e-08
5.3260e-03 5.9864e-01 4.1396e-08
5.3629e-03 5.9899e-01 4.1215e-08
5.4001e-03 5.9933e-01 4.1035e-08
5.4376e-03 5.9967e-01 4.0855e-08
5.4753e-03 6.0002e-01 4.0676e-08
5.5133e-03 6.0036e-01 4.0498e-08
5.5516e-03 6.0070e-01 4.0321e-08
5.5901e-03 6.0104e-01 4.0145e-08
5.6289e-03 6.0138e-01 3.9969e-08
5.6680e-03 6.0172e-01 3.9795e-08
5.7073e-03 6.0206e-01 3.9621e-08
5.7469e-03 6.0240e-01 3.9448e-08
5.7868e-03 6.0274e-01 3.9276e-08
5.8270e-03 6.0307e-01 3.9105e-08
5.8674e-03 6.0341e-01 3.8935e-08
5.9081e-03 6.0375e-01 3.8765e-08
5.9491e-03 6.0408e-01 3.8596e-08
5.9904e-03 6.0442e-01 3.8429e-08
6.0320e-03 6.0475e-01 3.8262e-08
6.0738e-03 6.0508e-01 3.8095e-08
6.1160e-03 6.0542e-01 3.7930e-08
6.1584e-03 6.0575e-01 3.7766e-08
6.2012e-03 6.0608e-01 3.7602e-08
6.2442e-03 6.0642e-01 3.7439e-08
6.2875e-03 6.0675e-01 3.7277e-08
6.3312e-03 6.0708e-01 3.7116e-08
6.3751e-03 6.0741e-01 3.6956e-08
6.4193e-03 6.0774e-01 3.6796e-08
6.4639e-03 6.0807e-01 3.6638e-08
6.5087e-03 6.0841e-01 3.6480e-08
6.5539e-03 6.0874e-01 3.6323e-08
6.5994e-03 6.0907e-01 3.6167e-08
6.6452e-03 6.0940e-01 3.6011e-08
6.6913e-03 6.0973e-01 3.5857e-08
6.7377e-03 6.1006e-01 3.5703e-08
6.7845e-03 6.1039e-01 3.5550e-08
6.8316e-03 6.1072e-01 3.5399e-08
6.8790e-03 6.1105e-01 3.5247e-08
6.9267e-03 6.1138e-01 3.5097e-08
6.9748e-03 6.1171e-01 3.4948e-08
7.0232e-03 6.1204e-01 3.4799e-08
7.0719e-03 6.1237e-01 3.4651e-08
7.1210e-03 6.1271e-01 3.4504e-08
7.1704e-03 6.1304e-01 3.4358e-08
7.2202e-03 6.1337e-01 3.4213e-08
7.2703e-03 6.1370e-01 3.4068e-08
7.3208e-03 6.1403e-01 3.3924e-08
7.3716e-03 6.1437e-01 3.3782e-08
7.4227e-03 6.1470e-01 3.3639e-08
7.4742e-03 6.1503e-01 3.3498e-08
7.5261e-03 6.1537e-01 3.3358e-08
7.5783e-03 6.1570e-01 3.3218e-08
7.6309e-03 6.1603e-01 3.3080e-08
7.6839e-03 6.1637e-01 3.2942e-08
7.7372e-03 6.1670e-01 3.2805e-08
7.7909e-03 6.1704e-01 3.2668e-08
7.8450e-03 6.1738e-01 3.2533e-08
7.8994e-03 6.1772e-01 3.2398e-08
7.9542e-03 6.1805e-01 3.2265e-08
8.0094e-03 6.1839e-01 3.2132e-08
8.0650e-03 6.1873e-01 3.2000e-08
8.1210e-03 6.1907e-01 3.1868e-08
8.1773e-03 6.1941e-01 3.1738e-08
8.2341e-03 6.1976e-01 3.1608e-08
8.2912e-03 6.2010e-01 3.1480e-08
8.3487e-03 6.2044e-01 3.1352e-08
8.4067e-03 6.2079e-01 3.1224e-08
8.4650e-03 6.2113e-01 3.1098e-08
8.5238e-03 6.2148e-01 3.0973e-08
8.5829e-03 6.2183e-01 3.0848e-08
8.6425e-03 6.2217e-01 3.0724e-08
8.7025e-03 6.2252e-01 3.0601e-08
8.7628e-03 6.2287e-01 3.0479e-08
8.8237e-03 6.2323e-01 3.0358e-08
8.8849e-03 6.2358e-01 3.0237e-08
8.9466e-03 6.2393e-01 3.0118e-08
9.0086e-03 6.2429e-01 2.9999e-08
9.0712e-03 6.2465e-01 2.9881e-08
9.1341e-03 6.2501e-01 2.9764e-08
9.1975e-03 6.2537e-01 2.9647e-08
9.2613e-03 6.2573e-01 2.9532e-08
9.3256e-03 6.2609e-01 2.9417e-08
9.3903e-03 6.2645e-01 2.9303e-08
9.4555e-03 6.2682e-01 2.9190e-08
9.5211e-03 6.2718e-01 2.9078e-08
9.5872e-03 6.2755e-01 2.8967e-08
9.6537e-03 6.2792e-01 2.8856e-08
9.7207e-03 6.2830e-01 2.8747e-08
9.7881e-03 6.2867e-01 2.8638e-08
9.8561e-03 6.2904e-01 2.8530e-08
9.9245e-03 6.2942e-01 2.8423e-08
9.9933e-03 6.2980e-01 2.8317e-08
1.0063e-02 6.3018e-01 2.8211e-08
1.0133e-02 6.3056e-01 2.8107e-08
1.0203e-02 6.3095e-01 2.8003e-08
1.0274e-02 6.3133e-01 2.7900e-08
1.0345e-02 6.3172e-01 2.7798e-08
1.0417e-02 6.3211e-01 2.7697e-08
1.0489e-02 6.3250e-01 2.7597e-08
1.0562e-02 6.3290e-01 2.7497e-08
1.0635e-02 6.3329e-01 2.7399e-08
1.0709e-02 6.3369e-01 2.7301e-08
1.0783e-02 6.3409e-01 2.7204e-08
1.0858e-02 6.3449e-01 2.7108e-08
1.0933e-02 6.3490e-01 2.7013e-08
1.1009e-02 6.3531e-01 2.6919e-08
1.1086e-02 6.3571e-01 2.6825e-08
1.1163e-02 6.3613e-01 2.6733e-08
1.1240e-02 6.3654e-01 2.6641e-08
1.1318e-02 6.3696e-01 2.6550e-08
1.1397e-02 6.3737e-01 2.6460e-08
1.1476e-02 6.3780e-01 2.6371e-08
1.1555e-02 6.3822e-01 2.6283e-08
1.1636e-02 6.3864e-01 2.6196e-08
1.1716e-02 6.3907e-01 2.6109e-08
1.1798e-02 6.3950e-01 2.6024e-08
1.1879e-02 6.3994e-01 2.5939e-08
1.1962e-02 6.4037e-01 2.5856e-08
1.2045e-02 6.4081e-01 2.5773e-08
1.2128e-02 6.4125e-01 2.5691e-08
1.2213e-02 6.4169e-01 2.5610e-08
1.2297e-02 6.4214e-01 2.5530e-08
1.2383e-02 6.4259e-01 2.5451e-08
1.2469e-02 6.4304e-01 2.5372e-08
1.2555e-02 6.4349e-01 2.5295e-08
1.2642e-02 6.4395e-01 2.5219e-08
1.2730e-02 6.4441e-01 2.5143e-08
1.2818e-02 6.4487e-01 2.5069e-08
1.2907e-02 6.4534e-01 2.4995e-08
1.2997e-02 6.4580e-01 2.4922e-08
1.3087e-02 6.4627e-01 2.4850e-08
1.3178e-02 6.4675e-01 2.4780e-08
1.3269e-02 6.4722e-01 2.4710e-08
1.3361e-02 6.4770e-01 2.4641e-08
1.3454e-02 6.4818e-01 2.4573e-08
1.3548e-02 6.4866e-01 2.4506e-08
1.3642e-02 6.4915e-01 2.4440e-08
1.3736e-02 6.4964e-01 2.4375e-08
1.3832e-02 6.5013e-01 2.4310e-08
1.3928e-02 6.5062e-01 2.4247e-08
1.4024e-02 6.5112e-01 2.4185e-08
1.4122e-02 6.5162e-01 2.4124e-08
1.4220e-02 6.5212e-01 2.4064e-08
1.4318e-02 6.5262e-01 2.4005e-08
1.4418e-02 6.5313e-01 2.3947e-08
1.4518e-02 6.5364e-01 2.3889e-08
1.4618e-02 6.5415e-01 2.3833e-08
1.4720e-02 6.5466e-01 2.3778e-08
1.4822e-02 6.5518e-01 2.3724e-08
1.4925e-02 6.5570e-01 2.3671e-08
1.5028e-02 6.5622e-01 2.3619e-08
1.5133e-02 6.5674e-01 2.3568e-08
1.5238e-02 6.5727e-01 2.3518e-08
1.5343e-02 6.5779e-01 2.3469e-08
1.5450e-02 6.5832e-01 2.3422e-08
1.5557e-02 6.5885e-01 2.3375e-08
1.5665e-02 6.5939e-01 2.3329e-08
1.5774e-02 6.5992e-01 2.3285e-08
1.5883e-02 6.6046e-01 2.3242e-08
1.5994e-02 6.6099e-01 2.3199e-08
1.6105e-02 6.6153e-01 2.3158e-08
1.6216e-02 6.6207e-01 2.3118e-08
1.6329e-02 6.6261e-01 2.3079e-08
1.6442e-02 6.6316e-01 2.3041e-08
1.6556e-02 6.6370e-01 2.3005e-08
1.6671e-02 6.6424e-01 2.2969e-08
1.6787e-02 6.6479e-01 2.2935e-08
1.6903e-02 6.6533e-01 2.2902e-08
1.7021e-02 6.6588e-01 2.2870e-08
1.7139e-02 6.6642e-01 2.2839e-08
1.7258e-02 6.6697e-01 2.2810e-08
1.7377e-02 6.6751e-01 2.2782e-08
1.7498e-02 6.6806e-01 2.2755e-08
1.7619e-02 6.6860e-01 2.2729e-08
1.7742e-02 6.6915e-01 2.2704e-08
1.7865e-02 6.6969e-01 2.2681e-08
1.7989e-02 6.7023e-01 2.2659e-08
1.8114e-02 6.7077e-01 2.2638e-08
1.8239e-02 6.7130e-01 2.2619e-08
1.8366e-02 6.7184e-01 2.2601e-08
1.8493e-02 6.7237e-01 2.2584e-08
1.8622e-02 6.7290e-01 2.2569e-08
1.8751e-02 6.7343e-01 2.2555e-08
1.8881e-02 6.7396e-01 2.2542e-08
1.9012e-02 6.7448e-01 2.2531e-08
1.9144e-02 6.7499e-01 2.2521e-08
1.9277e-02 6.7551e-01 2.2513e-08
1.9411e-02 6.7601e-01 2.2506e-08
1.9545e-02 6.7652e-01 2.2500e-08
1.9681e-02 6.7701e-01 2.2496e-08
1.9818e-02 6.7750e-01 2.2493e-08
1.9955e-02 6.7799e-01 2.2492e-08
2.0094e-02 6.7847e-01 2.2493e-08
2.0233e-02 6.7894e-01 2.2495e-08
2.0373e-02 6.7941e-01 2.2498e-08
2.0515e-02 6.7986e-01 2.2503e-08
2.0657e-02 6.8031e-01 2.2510e-08
2.0801e-02 6.8075e-01 2.2518e-08
2.0945e-02 6.8118e-01 2.2528e-08
2.1090e-02 6.8160e-01 2.2540e-08
2.1237e-02 6.8200e-01 2.2553e-08
2.1384e-02 6.8240e-01 2.2568e-08
2.1532e-02 6.8279e-01 2.2584e-08
2.1682e-02 6.8316e-01 2.2603e-08
2.1832e-02 6.8352e-01 2.2623e-08
2.1984e-02 6.8387e-01 2.2645e-08
2.2136e-02 6.8420e-01 2.2669e-08
2.2290e-02 6.8451e-01 2.2694e-08
2.2445e-02 6.8482e-01 2.2722e-08
2.2600e-02 6.8510e-01 2.2751e-08
2.2757e-02 6.8537e-01 2.2782e-08
2.2915e-02 6.8562e-01 2.2815e-08
2.3074e-02 6.8585e-01 2.2851e-08
2.3234e-02 6.8606e-01 2.2888e-08
2.3396e-02 6.8625e-01 2.2927e-08
2.3558e-02 6.8642e-01 2.2968e-08
2.3721e-02 6.8656e-01 2.3012e-08
2.3886e-02 6.8669e-01 2.3057e-08
2.4052e-02 6.8679e-01 2.3105e-08
2.4219e-02 6.8686e-01 2.3155e-08
2.4387e-02 6.8691e-01 2.3207e-08
2.4556e-02 6.8693e-01 2.3261e-08
2.4726e-02 6.8693e-01 2.3318e-08
2.4898e-02 6.8690e-01 2.3377e-08
2.5071e-02 6.8683e-01 2.3438e-08
2.5245e-02 6.8674e-01 2.3502e-08
2.5420e-02 6.8662e-01 2.3568e-08
2.5596e-02 6.8646e-01 2.3637e-08
2.5774e-02 6.8627e-01 2.3708e-08
2.5953e-02 6.8604e-01 2.3782e-08
2.6133e-02 6.8578e-01 2.3859e-08
2.6314e-02 6.8548e-01 2.3938e-08
2.6497e-02 6.8515e-01 2.4020e-08
2.6681e-02 6.8477e-01 2.4105e-08
2.6866e-02 6.8436e-01 2.4192e-08
2.7052e-02 6.8390e-01 2.4283e-08
2.7240e-02 6.8340e-01 2.4376e-08
2.7429e-02 6.8286e-01 2.4473e-08
2.7620e-02 6.8227e-01 2.4572e-08
2.7811e-02 6.8164e-01 2.4675e-08
2.8004e-02 6.8096e-01 2.4781e-08
2.8199e-02 6.8023e-01 2.4890e-08
2.8394e-02 6.7945e-01 2.5002e-08
2.8591e-02 6.7863e-01 2.5118e-08
2.8790e-02 6.7775e-01 2.5237e-08
2.8989e-02 6.7682e-01 2.5360e-08
2.9191e-02 6.7584e-01 2.5487e-08
2.9393e-02 6.7480e-01 2.5617e-08
2.9597e-02 6.7371e-01 2.5750e-08
2.9803e-02 6.7256e-01 2.5888e-08
3.0009e-02 6.7135e-01 2.6030e-08
3.0218e-02 6.7009e-01 2.6175e-08
3.0427e-02 6.6876e-01 2.6325e-08
3.0638e-02 6.6738e-01 2.6479e-08
3.0851e-02 6.6594e-01 2.6637e-08
3.1065e-02 6.6443e-01 2.6799e-08
3.1281e-02 6.6286e-01 2.6967e-08
3.1498e-02 6.6123e-01 2.7138e-08
3.1716e-02 6.5954e-01 2.7315e-08
3.1937e-02 6.5778e-01 2.7496e-08
3.2158e-02 6.5596e-01 2.7682e-08
3.2381e-02 6.5407e-01 2.7873e-08
3.2606e-02 6.5212e-01 2.8070e-08
3.2832e-02 6.5010e-01 2.8272e-08
3.3060e-02 6.4801e-01 2.8479e-08
3.3290e-02 6.4586e-01 2.8692e-08
3.3521e-02 6.4364e-01 2.8911e-08
3.3753e-02 6.4135e-01 2.9135e-08
3.3987e-02 6.3900e-01 2.9366e-08
3.4223e-02 6.3658e-01 2.9603e-08
3.4461e-02 6.3409e-01 2.9847e-08
3.4700e-02 6.3154e-01 3.0097e-08
3.4941e-02 6.2892e-01 3.0354e-08
3.5183e-02 6.2624e-01 3.0617e-08
3.5427e-02 6.2349e-01 3.0889e-08
3.5673e-02 6.2068e-01 3.1167e-08
3.5921e-02 6.1780e-01 3.1453e-08
3.6170e-02 6.1486e-01 3.1747e-08
3.6421e-02 6.1186e-01 3.2049e-08
3.6674e-02 6.0879e-01 3.2359e-08
3.6928e-02 6.0567e-01 3.2678e-08
3.7185e-02 6.0249e-01 3.3006e-08
3.7443e-02 5.9925e-01 3.3343e-08
3.7703e-02 5.9595e-01 3.3689e-08
3.7964e-02 5.9260e-01 3.4045e-08
3.8228e-02 5.8919e-01 3.4411e-08
3.8493e-02 5.8573e-01 3.4787e-08
3.8760e-02 5.8222e-01 3.5174e-08
3.9029e-02 5.7866e-01 3.5573e-08
3.9300e-02 5.7506e-01 3.5982e-08
3.9573e-02 5.7141e-01 3.6403e-08
3.9847e-02 5.6771e-01 3.6837e-08
4.0124e-02 5.6398e-01 3.7282e-08
4.0402e-02 5.6020e-01 3.7741e-08
4.0683e-02 5.5639e-01 3.8214e-08
4.0965e-02 5.5254e-01 3.8700e-08
4.1249e-02 5.4866e-01 3.9200e-08
4.1535e-02 5.4475e-01 3.9716e-08
4.1824e-02 5.4082e-01 4.0247e-08
4.2114e-02 5.3685e-01 4.0794e-08
4.2406e-02 5.3287e-01 4.1357e-08
4.2700e-02 5.2886e-01 4.1937e-08
4.2997e-02 5.2483e-01 4.2535e-08
4.3295e-02 5.2079e-01 4.3152e-08
4.3596e-02 5.1674e-01 4.3787e-08
4.3898e-02 5.1267e-01 4.4442e-08
4.4203e-02 5.0860e-01 4.5118e-08
4.4510e-02 5.0452e-01 4.5815e-08
4.4818e-02 5.0043e-01 4.6533e-08
4.5129e-02 4.9635e-01 4.7275e-08
4.5443e-02 4.9226e-01 4.8040e-08
4.5758e-02 4.8819e-01 4.8829e-08
4.6076e-02 4.8411e-01 4.9644e-08
4.6395e-02 4.8005e-01 5.0485e-08
4.6717e-02 4.7599e-01 5.1354e-08
4.7041e-02 4.7195e-01 5.2251e-08
4.7368e-02 4.6793e-01 5.3177e-08
4.7697e-02 4.6392e-01 5.4134e-08
4.8028e-02 4.5993e-01 5.5123e-08
4.8361e-02 4.5597e-01 5.6145e-08
4.8697e-02 4.5203e-01 5.7201e-08
4.9034e-02 4.4811e-01 5.8293e-08
4.9375e-02 4.4422e-01 5.9421e-08
4.9717e-02 4.4036e-01 6.0588e-08
5.0062e-02 4.3654e-01 6.1795e-08
5.0410e-02 4.3274e-01 6.3043e-08
5.0760e-02 4.2898e-01 6.4334e-08
5.1112e-02 4.2526e-01 6.5670e-08
5.1467e-02 4.2157e-01 6.7052e-08
5.1824e-02 4.1793e-01 6.8483e-08
5.2183e-02 4.1432e-01 6.9964e-08
5.2546e-02 4.1076e-01 7.1497e-08
5.2910e-02 4.0723e-01 7.3084e-08
5.3277e-02 4.0376e-01 7.4728e-08
5.3647e-02 4.0032e-01 7.6431e-08
5.4019e-02 3.9693e-01 7.8194e-08
5.4394e-02 3.9359e-01 8.0021e-08
5.4772e-02 3.9030e-01 8.1914e-08
5.5152e-02 3.8705e-01 8.3875e-08
5.5535e-02 3.8386e-01 8.5908e-08
5.5920e-02 3.8071e-01 8.8015e-08
5.6308e-02 3.7761e-01 9.0199e-08
5.6699e-02 3.7456e-01 9.2463e-08
5.7092e-02 3.7156e-01 9.4812e-08
5.7488e-02 3.6861e-01 9.7246e-08
5.7887e-02 3.6571e-01 9.9772e-08
5.8289e-02 3.6287e-01 1.0239e-07
5.8694e-02 3.6007e-01 1.0511e-07
5.9101e-02 3.5733e-01 1.0793e-07
5.9511e-02 3.5463e-01 1.1085e-07
5.9924e-02 3.5199e-01 1.1389e-07
6.0340e-02 3.4940e-01 1.1704e-07
6.0759e-02 3.4686e-01 1.2031e-07
6.1180e-02 3.4437e-01 1.2370e-07
6.1605e-02 3.4193e-01 1.2723e-07
6.2032e-02 3.3954e-01 1.3089e-07
6.2463e-02 3.3720e-01 1.3469e-07
6.2896e-02 3.3490e-01 1.3863e-07
6.3333e-02 3.3266e-01 1.4273e-07
6.3772e-02 3.3046e-01 1.4699e-07
6.4215e-02 3.2832e-01 1.5141e-07
6.4660e-02 3.2622e-01 1.5600e-07
6.5109e-02 3.2416e-01 1.6077e-07
6.5561e-02 3.2216e-01 1.6573e-07
6.6016e-02 3.2020e-01 1.7088e-07
6.6474e-02 3.1828e-01 1.7623e-07
6.6935e-02 3.1641e-01 1.8179e-07
6.7400e-02 3.1458e-01 1.8757e-07
6.7868e-02 3.1279e-01 1.9358e-07
6.8339e-02 3.1105e-01 1.9983e-07
6.8813e-02 3.0935e-01 2.0632e-07
6.9290e-02 3.0769e-01 2.1307e-07
6.9771e-02 3.0607e-01 2.2009e-07
7.0255e-02 3.0449e-01 2.2739e-07
7.0743e-02 3.0295e-01 2.3498e-07
7.1234e-02 3.0145e-01 2.4287e-07
7.1728e-02 2.9999e-01 2.5108e-07
7.2226e-02 2.9856e-01 2.5962e-07
7.2727e-02 2.9717e-01 2.6850e-07
7.3232e-02 2.9582e-01 2.7773e-07
7.3740e-02 2.9450e-01 2.8734e-07
7.4252e-02 2.9321e-01 2.9733e-07
7.4767e-02 2.9196e-01 3.0773e-07
7.5286e-02 2.9074e-01 3.1855e-07
7.5808e-02 2.8955e-01 3.2980e-07
7.6335e-02 2.8840e-01 3.4151e-07
7.6864e-02 2.8727e-01 3.5370e-07
7.7398e-02 2.8618e-01 3.6638e-07
7.7935e-02 2.8511e-01 3.7957e-07
7.8476e-02 2.8408e-01 3.9330e-07
7.9020e-02 2.8307e-01 4.0760e-07
7.9569e-02 2.8209e-01 4.2247e-07
8.0121e-02 2.8114e-01 4.3795e-07
8.0677e-02 2.8021e-01 4.5407e-07
8.1237e-02 2.7931e-01 4.7084e-07
8.1800e-02 2.7843e-01 4.8830e-07
8.2368e-02 2.7758e-01 5.0648e-07
8.2940e-02 2.7675e-01 5.2540e-07
8.3515e-02 2.7594e-01 5.4510e-07
8.4095e-02 2.7516e-01 5.6561e-07
8.4678e-02 2.7440e-01 5.8697e-07
8.5266e-02 2.7366e-01 6.0920e-07
8.5858e-02 2.7294e-01 6.3235e-07
8.6454e-02 2.7224e-01 6.5645e-07
8.7054e-02 2.7156e-01 6.8155e-07
8.7658e-02 2.7091e-01 7.0769e-07
8.8266e-02 2.7027e-01 7.3491e-07
8.8879e-02 2.6964e-01 7.6325e-07
8.9495e-02 2.6904e-01 7.9276e-07
9.0116e-02 2.6846e-01 8.2350e-07
9.0742e-02 2.6789e-01 8.5551e-07
9.1371e-02 2.6733e-01 8.8885e-07
9.2006e-02 2.6680e-01 9.2358e-07
9.2644e-02 2.6628e-01 9.5974e-07
9.3287e-02 2.6577e-01 9.9741e-07
9.3934e-02 2.6528e-01 1.0366e-06
9.4586e-02 2.6481e-01 1.0775e-06
9.5243e-02 2.6435e-01 1.1201e-06
9.5904e-02 2.6390e-01 1.1644e-06
9.6569e-02 2.6346e-01 1.2106e-06
9.7239e-02 2.6304e-01 1.2587e-06
9.7914e-02 2.6263e-01 1.3088e-06
9.8594e-02 2.6224e-01 1.3610e-06
9.9278e-02 2.6185e-01 1.4154e-06
9.9967e-02 2.6148e-01 1.4721e-06
1.0066e-01 2.6112e-01 1.5311e-06
1.0136e-01 2.6076e-01 1.5926e-06
1.0206e-01 2.6042e-01 1.6567e-06
1.0277e-01 2.6009e-01 1.7234e-06
1.0348e-01 2.5977e-01 1.7929e-06
1.0420e-01 2.5946e-01 1.8654e-06
1.0493e-01 2.5916e-01 1.9408e-06
1.0565e-01 2.5887e-01 2.0195e-06
1.0639e-01 2.5859e-01 2.1014e-06
1.0712e-01 2.5832e-01 2.1867e-06
1.0787e-01 2.5805e-01 2.2757e-06
1.0862e-01 2.5779e-01 2.3683e-06
1.0937e-01 2.5754e-01 2.4649e-06
1.1013e-01 2.5730e-01 2.5655e-06
1.1089e-01 2.5707e-01 2.6703e-06
1.1166e-01 2.5684e-01 2.7795e-06
1.1244e-01 2.5662e-01 2.8933e-06
1.1322e-01 2.5641e-01 3.0119e-06
1.1400e-01 2.5620e-01 3.1355e-06
1.1480e-01 2.5600e-01 3.2642e-06
1.1559e-01 2.5581e-01 3.3984e-06
1.1639e-01 2.5562e-01 3.5382e-06
1.1720e-01 2.5544e-01 3.6839e-06
1.1802e-01 2.5527e-01 3.8357e-06
1.1883e-01 2.5510e-01 3.9938e-06
1.1966e-01 2.5494e-01 4.1587e-06
1.2049e-01 2.5478e-01 4.3304e-06
1.2133e-01 2.5462e-01 4.5094e-06
1.2217e-01 2.5448e-01 4.6959e-06
1.2302e-01 2.5433e-01 4.8903e-06
1.2387e-01 2.5419e-01 5.0928e-06
1.2473e-01 2.5406e-01 5.3039e-06
1.2559e-01 2.5393e-01 5.5239e-06
1.2647e-01 2.5380e-01 5.7531e-06
1.2734e-01 2.5368e-01 5.9919e-06
1.2823e-01 2.5357e-01 6.2408e-06
1.2912e-01 2.5345e-01 6.5002e-06
1.3001e-01 2.5334e-01 6.7706e-06
1.3091e-01 2.5324e-01 7.0523e-06
1.3182e-01 2.5314e-01 7.3458e-06
1.3274e-01 2.5304e-01 7.6518e-06
1.3366e-01 2.5294e-01 7.9706e-06
1.3459e-01 2.5285e-01 8.3029e-06
1.3552e-01 2.5277e-01 8.6491e-06
1.3646e-01 2.5268e-01 9.0100e-06
1.3741e-01 2.5260e-01 9.3860e-06
1.3836e-01 2.5252e-01 9.7779e-06
1.3932e-01 2.5244e-01 1.0186e-05
1.4029e-01 2.5237e-01 1.0612e-05
1.4126e-01 2.5230e-01 1.1056e-05
1.4224e-01 2.5223e-01 1.1518e-05
1.4323e-01 2.5217e-01 1.2000e-05
1.4422e-01 2.5211e-01 1.2502e-05
1.4522e-01 2.5205e-01 1.3025e-05
1.4623e-01 2.5199e-01 1.3570e-05
1.4725e-01 2.5194e-01 1.4138e-05
1.4827e-01 2.5188e-01 1.4731e-05
1.4930e-01 2.5183e-01 1.5348e-05
1.5033e-01 2.5178e-01 1.5991e-05
1.5138e-01 2.5174e-01 1.6661e-05
1.5243e-01 2.5170e-01 1.7360e-05
1.5349e-01 2.5165e-01 1.8088e-05
1.5455e-01 2.5161e-01 1.8846e-05
1.5562e-01 2.5158e-01 1.9637e-05
1.5670e-01 2.5154e-01 2.0461e-05
1.5779e-01 2.5151e-01 2.1320e-05
1.5889e-01 2.5147e-01 2.2215e-05
1.5999e-01 2.5144e-01 2.3147e-05
1.6110e-01 2.5141e-01 2.4119e-05
1.6222e-01 2.5139e-01 2.5132e-05
1.6334e-01 2.5136e-01 2.6188e-05
1.6448e-01 2.5134e-01 2.7288e-05
1.6562e-01 2.5132e-01 2.8434e-05
1.6677e-01 2.5130e-01 2.9629e-05
1.6792e-01 2.5128e-01 3.0874e-05
1.6909e-01 2.5126e-01 3.2171e-05
1.7026e-01 2.5124e-01 3.3523e-05
1.7144e-01 2.5123e-01 3.4933e-05
1.7263e-01 2.5122e-01 3.6401e-05
1.7383e-01 2.5121e-01 3.7931e-05
1.7504e-01 2.5120e-01 3.9526e-05
1.7625e-01 2.5119e-01 4.1188e-05
1.7748e-01 2.5118e-01 4.2920e-05
1.7871e-01 2.5118e-01 4.4725e-05
1.7995e-01 2.5117e-01 4.6606e-05
1.8120e-01 2.5117e-01 4.8566e-05
1.8245e-01 2.5117e-01 5.0608e-05
1.8372e-01 2.5117e-01 5.2737e-05
1.8500e-01 2.5117e-01 5.4955e-05
1.8628e-01 2.5117e-01 5.7266e-05
1.8757e-01 2.5117e-01 5.9675e-05
1.8887e-01 2.5118e-01 6.2185e-05
1.9018e-01 2.5118e-01 6.4801e-05
1.9150e-01 2.5119e-01 6.7526e-05
1.9283e-01 2.5120e-01 7.0366e-05
1.9417e-01 2.5121e-01 7.3326e-05
1.9552e-01 2.5122e-01 7.6410e-05
1.9688e-01 2.5123e-01 7.9624e-05
1.9824e-01 2.5125e-01 8.2973e-05
1.9962e-01 2.5126e-01 8.6463e-05
2.0100e-01 2.5128e-01 9.0099e-05
2.0240e-01 2.5130e-01 9.3888e-05
2.0380e-01 2.5132e-01 9.7836e-05
2.0522e-01 2.5134e-01 1.0195e-04
2.0664e-01 2.5136e-01 1.0624e-04
2.0807e-01 2.5138e-01 1.1070e-04
2.0952e-01 2.5141e-01 1.1536e-04
2.1097e-01 2.5143e-01 1.2021e-04
2.1244e-01 2.5146e-01 1.2526e-04
2.1391e-01 2.5149e-01 1.3053e-04
2.1540e-01 2.5152e-01 1.3601e-04
2.1689e-01 2.5155e-01 1.4173e-04
2.1840e-01 2.5159e-01 1.4768e-04
2.1991e-01 2.5162e-01 1.5389e-04
2.2144e-01 2.5166e-01 1.6036e-04
2.2297e-01 2.5169e-01 1.6709e-04
2.2452e-01 2.5173e-01 1.7411e-04
2.2608e-01 2.5178e-01 1.8142e-04
2.2765e-01 2.5182e-01 1.8904e-04
2.2923e-01 2.5186e-01 1.9698e-04
2.3082e-01 2.5191e-01 2.0525e-04
2.3242e-01 2.5196e-01 2.1387e-04
2.3403e-01 2.5201e-01 2.2284e-04
2.3566e-01 2.5206e-01 2.3220e-04
2.3729e-01 2.5211e-01 2.4194e-04
2.3894e-01 2.5217e-01 2.5209e-04
2.4060e-01 2.5223e-01 2.6267e-04
2.4227e-01 2.5229e-01 2.7368e-04
2.4395e-01 2.5235e-01 2.8516e-04
2.4564e-01 2.5241e-01 2.9711e-04
2.4735e-01 2.5248e-01 3.0957e-04
2.4906e-01 2.5255e-01 3.2254e-04
2.5079e-01 2.5262e-01 3.3606e-04
2.5253e-01 2.5269e-01 3.5014e-04
2.5428e-01 2.5277e-01 3.6480e-04
2.5605e-01 2.5284e-01 3.8008e-04
2.5783e-01 2.5292e-01 3.9599e-04
2.5961e-01 2.5301e-01 4.1257e-04
2.6142e-01 2.5309e-01 4.2984e-04
2.6323e-01 2.5318e-01 4.4782e-04
2.6506e-01 2.5327e-01 4.6655e-04
2.6690e-01 2.5337e-01 4.8606e-04
2.6875e-01 2.5347e-01 5.0638e-04
2.7061e-01 2.5357e-01 5.2755e-04
2.7249e-01 2.5367e-01 5.4959e-04
2.7438e-01 2.5378e-01 5.7255e-04
2.7629e-01 2.5389e-01 5.9646e-04
2.7820e-01 2.5401e-01 6.2137e-04
2.8014e-01 2.5413e-01 6.4730e-04
2.8208e-01 2.5425e-01 6.7431e-04
2.8404e-01 2.5438e-01 7.0244e-04
2.8601e-01 2.5451e-01 7.3173e-04
2.8799e-01 2.5464e-01 7.6223e-04
2.8999e-01 2.5478e-01 7.9399e-04
2.9200e-01 2.5492e-01 8.2707e-04
2.9403e-01 2.5507e-01 8.6151e-04
2.9607e-01 2.5523e-01 8.9737e-04
2.9813e-01 2.5539e-01 9.3471e-04
3.0019e-01 2.5555e-01 9.7359e-04
3.0228e-01 2.5572e-01 1.0141e-03
3.0437e-01 2.5589e-01 1.0562e-03
3.0649e-01 2.5607e-01 1.1001e-03
3.0861e-01 2.5626e-01 1.1458e-03
3.1076e-01 2.5645e-01 1.1934e-03
3.1291e-01 2.5665e-01 1.2429e-03
3.1508e-01 2.5685e-01 1.2944e-03
3.1727e-01 2.5707e-01 1.3481e-03
3.1947e-01 2.5728e-01 1.4039e-03
3.2169e-01 2.5751e-01 1.4621e-03
3.2392e-01 2.5774e-01 1.5226e-03
3.2617e-01 2.5798e-01 1.5856e-03
3.2843e-01 2.5823e-01 1.6512e-03
3.3071e-01 2.5849e-01 1.7194e-03
3.3301e-01 2.5875e-01 1.7904e-03
3.3532e-01 2.5903e-01 1.8644e-03
3.3764e-01 2.5931e-01 1.9413e-03
3.3999e-01 2.5960e-01 2.0213e-03
3.4235e-01 2.5991e-01 2.1047e-03
3.4472e-01 2.6022e-01 2.1913e-03
3.4712e-01 2.6054e-01 2.2815e-03
3.4952e-01 2.6087e-01 2.3754e-03
3.5195e-01 2.6122e-01 2.4730e-03
3.5439e-01 2.6157e-01 2.5746e-03
3.5685e-01 2.6194e-01 2.6803e-03
3.5933e-01 2.6232e-01 2.7903e-03
3.6182e-01 2.6271e-01 2.9047e-03
3.6433e-01 2.6312e-01 3.0237e-03
3.6686e-01 2.6354e-01 3.1475e-03
3.6941e-01 2.6397e-01 3.2762e-03
3.7197e-01 2.6442e-01 3.4101e-03
3.7455e-01 2.6488e-01 3.5494e-03
3.7715e-01 2.6535e-01 3.6942e-03
3.7977e-01 2.6585e-01 3.8448e-03
3.8240e-01 2.6636e-01 4.0014e-03
3.8506e-01 2.6688e-01 4.1643e-03
3.8773e-01 2.6743e-01 4.3336e-03
3.9042e-01 2.6799e-01 4.5096e-03
3.9313e-01 2.6857e-01 4.6926e-03
3.9586e-01 2.6917e-01 4.8829e-03
3.9861e-01 2.6979e-01 5.0807e-03
4.0137e-01 2.7043e-01 5.2862e-03
4.0416e-01 2.7109e-01 5.4999e-03
4.0696e-01 2.7177e-01 5.7219e-03
4.0979e-01 2.7248e-01 5.9527e-03
4.1263e-01 2.7320e-01 6.1925e-03
4.1549e-01 2.7396e-01 6.4416e-03
4.1838e-01 2.7473e-01 6.7005e-03
4.2128e-01 2.7553e-01 6.9695e-03
4.2420e-01 2.7636e-01 7.2488e-03
4.2715e-01 2.7722e-01 7.5391e-03
4.3011e-01 2.7810e-01 7.8405e-03
4.3310e-01 2.7901e-01 8.1536e-03
4.3610e-01 2.7995e-01 8.4787e-03
4.3913e-01 2.8093e-01 8.8163e-03
4.4218e-01 2.8193e-01 9.1668e-03
4.4524e-01 2.8296e-01 9.5308e-03
4.4833e-01 2.8403e-01 9.9085e-03
4.5144e-01 2.8513e-01 1.0301e-02
4.5458e-01 2.8627e-01 1.0708e-02
4.5773e-01 2.8744e-01 1.1130e-02
4.6091e-01 2.8865e-01 1.1568e-02
4.6411e-01 2.8990e-01 1.2023e-02
4.6733e-01 2.9119e-01 1.2495e-02
4.7057e-01 2.9252e-01 1.2984e-02
4.7384e-01 2.9389e-01 1.3492e-02
4.7713e-01 2.9530e-01 1.4019e-02
4.8044e-01 2.9675e-01 1.4565e-02
4.8377e-01 2.9825e-01 1.5131e-02
4.8713e-01 2.9980e-01 1.5718e-02
4.9051e-01 3.0139e-01 1.6326e-02
4.9391e-01 3.0303e-01 1.6956e-02
4.9734e-01 3.0472e-01 1.7610e-02
5.0079e-01 3.0646e-01 1.8287e-02
5.0427e-01 3.0825e-01 1.8988e-02
5.0777e-01 3.1009e-01 1.9715e-02
5.1129e-01 3.1199e-01 2.0467e-02
5.1484e-01 3.1394e-01 2.1247e-02
5.1841e-01 3.1595e-01 2.2054e-02
5.2201e-01 3.1802e-01 2.2889e-02
5.2563e-01 3.2015e-01 2.3754e-02
5.2928e-01 3.2233e-01 2.4648e-02
5.3295e-01 3.2458e-01 2.5574e-02
5.3665e-01 3.2689e-01 2.6532e-02
5.4037e-01 3.2927e-01 2.7523e-02
5.4412e-01 3.3171e-01 2.8547e-02
5.4790e-01 3.3421e-01 2.9607e-02
5.5170e-01 3.3679e-01 3.0702e-02
5.5553e-01 3.3943e-01 3.1834e-02
5.5939e-01 3.4214e-01 3.3004e-02
5.6327e-01 3.4493e-01 3.4212e-02
5.6718e-01 3.4779e-01 3.5461e-02
5.7111e-01 3.5072e-01 3.6751e-02
5.7508e-01 3.5372e-01 3.8082e-02
5.7907e-01 3.5680e-01 3.9457e-02
5.8309e-01 3.5996e-01 4.0876e-02
5.8713e-01 3.6319e-01 4.2340e-02
5.9121e-01 3.6651e-01 4.3851e-02
5.9531e-01 3.6990e-01 4.5409e-02
5.9944e-01 3.7338e-01 4.7016e-02
6.0360e-01 3.7694e-01 4.8672e-02
6.0779e-01 3.8058e-01 5.0380e-02
6.1201e-01 3.8430e-01 5.2140e-02
6.1625e-01 3.8811e-01 5.3953e-02
6.2053e-01 3.9201e-01 5.5821e-02
6.2484e-01 3.9599e-01 5.7745e-02
6.2917e-01 4.0006e-01 5.9725e-02
6.3354e-01 4.0421e-01 6.1764e-02
6.3794e-01 4.0846e-01 6.3862e-02
6.4236e-01 4.1279e-01 6.6020e-02
6.4682e-01 4.1721e-01 6.8240e-02
6.5131e-01 4.2172e-01 7.0522e-02
6.5583e-01 4.2632e-01 7.2869e-02
6.6038e-01 4.3101e-01 7.5281e-02
6.6496e-01 4.3579e-01 7.7760e-02
6.6958e-01 4.4067e-01 8.0306e-02
6.7422e-01 4.4563e-01 8.2920e-02
6.7890e-01 4.5068e-01 8.5605e-02
6.8361e-01 4.5583e-01 8.8361e-02
6.8836e-01 4.6106e-01 9.1189e-02
6.9313e-01 4.6639e-01 9.4090e-02
6.9795e-01 4.7181e-01 9.7066e-02
7.0279e-01 4.7731e-01 1.0012e-01
7.0767e-01 4.8291e-01 1.0324e-01
7.1258e-01 4.8859e-01 1.0645e-01
7.1752e-01 4.9437e-01 1.0974e-01
7.2250e-01 5.0023e-01 1.1310e-01
7.2751e-01 5.0618e-01 1.1654e-01
7.3256e-01 5.1221e-01 1.2007e-01
7.3765e-01 5.1833e-01 1.2368e-01
7.4277e-01 5.2453e-01 1.2738e-01
7.4792e-01 5.3082e-01 1.3115e-01
7.5311e-01 5.3719e-01 1.3502e-01
7.5834e-01 5.4364e-01 1.3897e-01
7.6360e-01 5.5016e-01 1.4301e-01
7.6890e-01 5.5677e-01 1.4714e-01
7.7424e-01 5.6345e-01 1.5135e-01
7.7961e-01 5.7021e-01 1.5566e-01
7.8502e-01 5.7704e-01 1.6005e-01
7.9047e-01 5.8394e-01 1.6454e-01
7.9595e-01 5.9090e-01 1.6912e-01
8.0148e-01 5.9794e-01 1.7380e-01
8.0704e-01 6.0503e-01 1.7856e-01
8.1264e-01 6.1219e-01 1.8342e-01
8.1828e-01 6.1941e-01 1.8838e-01
8.2396e-01 6.2669e-01 1.9343e-01
8.2967e-01 6.3402e-01 1.9858e-01
8.3543e-01 6.4140e-01 2.0382e-01
8.4123e-01 6.4883e-01 2.0916e-01
8.4707e-01 6.5631e-01 2.1459e-01
8.5294e-01 6.6383e-01 2.2013e-01
8.5886e-01 6.7138e-01 2.2576e-01
8.6482e-01 6.7898e-01 2.3149e-01
8.7083e-01 6.8661e-01 2.3731e-01
8.7687e-01 6.9426e-01 2.4324e-01
8.8295e-01 7.0194e-01 2.4926e-01
8.8908e-01 7.0965e-01 2.5538e-01
8.9525e-01 7.1737e-01 2.6160e-01
9.0146e-01 7.2511e-01 2.6792e-01
9.0772e-01 7.3286e-01 2.7434e-01
9.1402e-01 7.4061e-01 2.8086e-01
9.2036e-01 7.4837e-01 2.8747e-01
9.2675e-01 7.5613e-01 2.9418e-01
9.3318e-01 7.6388e-01 3.0100e-01
9.3966e-01 7.7162e-01 3.0790e-01
9.4618e-01 7.7934e-01 3.1491e-01
9.5274e-01 7.8705e-01 3.2201e-01
9.5936e-01 7.9473e-01 3.2921e-01
9.6601e-01 8.0238e-01 3.3651e-01
9.7272e-01 8.1000e-01 3.4390e-01
9.7947e-01 8.1759e-01 3.5138e-01
9.8626e-01 8.2513e-01 3.5896e-01
9.9311e-01 8.3262e-01 3.6664e-01
1.0000e+00 8.4006e-01 3.7440e-01
