9.9900e-04 4.5585e-01 7.1206e-08
1.0059e-03 4.5676e-01 7.0991e-08
1.0129e-03 4.5767e-01 7.0775e-08
1.0199e-03 4.5858e-01 7.0559e-08
1.0270e-03 4.5948e-01 7.0344e-08
1.0341e-03 4.6038e-01 7.0128e-08
1.0413e-03 4.6128e-01 6.9912e-08
1.0486e-03 4.6217e-01 6.9696e-08
1.0558e-03 4.6307e-01 6.9480e-08
1.0632e-03 4.6396e-01 6.9263e-08
1.0705e-03 4.6484e-01 6.9047e-08
1.0780e-03 4.6573e-01 6.8831e-08
1.0854e-03 4.6661e-01 6.8614e-08
1.0930e-03 4.6749e-01 6.8398e-08
1.1006e-03 4.6836e-01 6.8181e-08
1.1082e-03 4.6923e-01 6.7965e-08
1.1159e-03 4.7010e-01 6.7748e-08
1.1236e-03 4.7097e-01 6.7532e-08
1.1314e-03 4.7184e-01 6.7315e-08
1.1393e-03 4.7270e-01 6.7099e-08
1.1472e-03 4.7356e-01 6.6882e-08
1.1551e-03 4.7441e-01 6.6666e-08
1.1632e-03 4.7527e-01 6.6449e-08
1.1712e-03 4.7612e-01 6.6233e-08
1.1794e-03 4.7696e-01 6.6016e-08
1.1875e-03 4.7781e-01 6.5800e-08
1.1958e-03 4.7865e-01 6.5584e-08
1.2041e-03 4.7949e-01 6.5367e-08
1.2124e-03 4.8032e-01 6.5151e-08
1.2209e-03 4.8116e-01 6.4935e-08
1.2293e-03 4.8199e-01 6.4719e-08
1.2379e-03 4.8281e-01 6.4503e-08
1.2465e-03 4.8364e-01 6.4287e-08
1.2551e-03 4.8446e-01 6.4071e-08
1.2638e-03 4.8528e-01 6.3856e-08
1.2726e-03 4.8609e-01 6.3640e-08
1.2814e-03 4.8691e-01 6.3425e-08
1.2903e-03 4.8772e-01 6.3209e-08
1.2993e-03 4.8852e-01 6.2994e-08
1.3083e-03 4.8933e-01 6.2779e-08
1.3174e-03 4.9013e-01 6.2564e-08
1.3265e-03 4.9093e-01 6.2349e-08
1.3357e-03 4.9172e-01 6.2135e-08
1.3450e-03 4.9251e-01 6.1920e-08
1.3543e-03 4.9330e-01 6.1706e-08
1.3637e-03 4.9409e-01 6.1492e-08
1.3732e-03 4.9487e-01 6.1278e-08
1.3827e-03 4.9565e-01 6.1064e-08
1.3923e-03 4.9643e-01 6.0850e-08
1.4020e-03 4.9721e-01 6.0637e-08
1.4117e-03 4.9798e-01 6.0424e-08
1.4215e-03 4.9875e-01 6.0211e-08
1.4313e-03 4.9951e-01 5.9998e-08
1.4413e-03 5.0027e-01 5.9786e-08
1.4513e-03 5.0103e-01 5.9573e-08
1.4614e-03 5.0179e-01 5.9361e-08
1.4715e-03 5.0255e-01 5.9149e-08
1.4817e-03 5.0330e-01 5.8938e-08
1.4920e-03 5.0405e-01 5.8727e-08
1.5023e-03 5.0479e-01 5.8515e-08
1.5128e-03 5.0553e-01 5.8305e-08
1.5233e-03 5.0627e-01 5.8094e-08
1.5338e-03 5.0701e-01 5.7884e-08
1.5445e-03 5.0774e-01 5.7674e-08
1.5552e-03 5.0847e-01 5.7464e-08
1.5660e-03 5.0920e-01 5.7254e-08
1.5769e-03 5.0993e-01 5.7045e-08
1.5878e-03 5.1065e-01 5.6836e-08
1.5988e-03 5.1137e-01 5.6628e-08
1.6099e-03 5.1208e-01 5.6420e-08
1.6211e-03 5.1280e-01 5.6212e-08
1.6323e-03 5.1351e-01 5.6004e-08
1.6437e-03 5.1421e-01 5.5797e-08
1.6551e-03 5.1492e-01 5.5590e-08
1.6666e-03 5.1562e-01 5.5383e-08
1.6781e-03 5.1632e-01 5.5176e-08
1.6898e-03 5.1701e-01 5.4970e-08
1.7015e-03 5.1771e-01 5.4765e-08
1.7133e-03 5.1840e-01 5.4559e-08
1.7252e-03 5.1908e-01 5.4354e-08
1.7372e-03 5.1977e-01 5.4150e-08
1.7492e-03 5.2045e-01 5.3945e-08
1.7614e-03 5.2113e-01 5.3741e-08
1.7736e-03 5.2180e-01 5.3538e-08
1.7859e-03 5.2248e-01 5.3335e-08
1.7983e-03 5.2315e-01 5.3132e-08
1.8108e-03 5.2381e-01 5.2929e-08
1.8233e-03 5.2448e-01 5.2727e-08
1.8360e-03 5.2514e-01 5.2526e-08
1.8487e-03 5.2580e-01 5.2324e-08
1.8616e-03 5.2645e-01 5.2123e-08
1.8745e-03 5.2711e-01 5.1923e-08
1.8875e-03 5.2776e-01 5.1723e-08
1.9006e-03 5.2840e-01 5.1523e-08
1.9138e-03 5.2905e-01 5.1324e-08
1.9270e-03 5.2969e-01 5.1125e-08
1.9404e-03 5.3033e-01 5.0926e-08
1.9539e-03 5.3096e-01 5.0728e-08
1.9674e-03 5.3160e-01 5.0530e-08
1.9811e-03 5.3223e-01 5.0333e-08
1.9948e-03 5.3285e-01 5.0136e-08
2.0087e-03 5.3348e-01 4.9940e-08
2.0226e-03 5.3410e-01 4.9744e-08
2.0367e-03 5.3472e-01 4.9548e-08
2.0508e-03 5.3534e-01 4.9353e-08
2.0650e-03 5.3595e-01 4.9159e-08
2.0794e-03 5.3656e-01 4.8965e-08
2.0938e-03 5.3717e-01 4.8771e-08
2.1083e-03 5.3777e-01 4.8578e-08
2.1230e-03 5.3838e-01 4.8385e-08
2.1377e-03 5.3898e-01 4.8192e-08
2.1525e-03 5.3958e-01 4.8000e-08
2.1675e-03 5.4017e-01 4.7809e-08
2.1825e-03 5.4076e-01 4.7618e-08
2.1976e-03 5.4135e-01 4.7427e-08
2.2129e-03 5.4194e-01 4.7237e-08
2.2283e-03 5.4252e-01 4.7048e-08
2.2437e-03 5.4310e-01 4.6859e-08
2.2593e-03 5.4368e-01 4.6670e-08
2.2750e-03 5.4426e-01 4.6482e-08
2.2908e-03 5.4483e-01 4.6294e-08
2.3067e-03 5.4540e-01 4.6107e-08
2.3227e-03 5.4597e-01 4.5920e-08
2.3388e-03 5.4654e-01 4.5734e-08
2.3550e-03 5.4710e-01 4.5548e-08
2.3713e-03 5.4766e-01 4.5363e-08
2.3878e-03 5.4822e-01 4.5178e-08
2.4044e-03 5.4877e-01 4.4994e-08
2.4211e-03 5.4933e-01 4.4810e-08
2.4379e-03 5.4988e-01 4.4627e-08
2.4548e-03 5.5042e-01 4.4444e-08
2.4718e-03 5.5097e-01 4.4262e-08
2.4890e-03 5.5151e-01 4.4080e-08
2.5062e-03 5.5205e-01 4.3899e-08
2.5236e-03 5.5259e-01 4.3718e-08
2.5411e-03 5.5312e-01 4.3538e-08
2.5588e-03 5.5366e-01 4.3358e-08
2.5765e-03 5.5419e-01 4.3179e-08
2.5944e-03 5.5472e-01 4.3001e-08
2.6124e-03 5.5524e-01 4.2823e-08
2.6306e-03 5.5576e-01 4.2645e-08
2.6488e-03 5.5628e-01 4.2468e-08
2.6672e-03 5.5680e-01 4.2291e-08
2.6857e-03 5.5732e-01 4.2115e-08
2.7043e-03 5.5783e-01 4.1940e-08
2.7231e-03 5.5834e-01 4.1765e-08
2.7420e-03 5.5885e-01 4.1590e-08
2.7610e-03 5.5936e-01 4.1416e-08
2.7802e-03 5.5986e-01 4.1243e-08
2.7995e-03 5.6036e-01 4.1070e-08
2.8189e-03 5.6086e-01 4.0898e-08
2.8385e-03 5.6136e-01 4.0726e-08
2.8582e-03 5.6185e-01 4.0555e-08
2.8780e-03 5.6234e-01 4.0384e-08
2.8980e-03 5.6283e-01 4.0214e-08
2.9181e-03 5.6332e-01 4.0045e-08
2.9383e-03 5.6381e-01 3.9875e-08
2.9587e-03 5.6429e-01 3.9707e-08
2.9793e-03 5.6477e-01 3.9539e-08
2.9999e-03 5.6525e-01 3.9372e-08
3.0208e-03 5.6573e-01 3.9205e-08
3.0417e-03 5.6620e-01 3.9038e-08
3.0628e-03 5.6667e-01 3.8873e-08
3.0841e-03 5.6714e-01 3.8707e-08
3.1055e-03 5.6761e-01 3.8543e-08
3.1270e-03 5.6808e-01 3.8378e-08
3.1487e-03 5.6854e-01 3.8215e-08
3.1706e-03 5.6900e-01 3.8052e-08
3.1926e-03 5.6946e-01 3.7889e-08
3.2147e-03 5.6992e-01 3.7728e-08
3.2371e-03 5.7037e-01 3.7566e-08
3.2595e-03 5.7083e-01 3.7405e-08
3.2821e-03 5.7128e-01 3.7245e-08
3.3049e-03 5.7173e-01 3.7085e-08
3.3279e-03 5.7217e-01 3.6926e-08
3.3509e-03 5.7262e-01 3.6768e-08
3.3742e-03 5.7306e-01 3.6610e-08
3.3976e-03 5.7350e-01 3.6452e-08
3.4212e-03 5.7394e-01 3.6295e-08
3.4449e-03 5.7438e-01 3.6139e-08
3.4688e-03 5.7481e-01 3.5983e-08
3.4929e-03 5.7525e-01 3.5828e-08
3.5172e-03 5.7568e-01 3.5673e-08
3.5416e-03 5.7611e-01 3.5519e-08
3.5661e-03 5.7653e-01 3.5366e-08
3.5909e-03 5.7696e-01 3.5213e-08
3.6158e-03 5.7738e-01 3.5060e-08
3.6409e-03 5.7781e-01 3.4909e-08
3.6662e-03 5.7823e-01 3.4757e-08
3.6916e-03 5.7864e-01 3.4607e-08
3.7172e-03 5.7906e-01 3.4457e-08
3.7430e-03 5.7948e-01 3.4307e-08
3.7690e-03 5.7989e-01 3.4158e-08
3.7952e-03 5.8030e-01 3.4010e-08
3.8215e-03 5.8071e-01 3.3862e-08
3.8480e-03 5.8112e-01 3.3714e-08
3.8747e-03 5.8152e-01 3.3568e-08
3.9016e-03 5.8193e-01 3.3422e-08
3.9287e-03 5.8233e-01 3.3276e-08
3.9559e-03 5.8273e-01 3.3131e-08
3.9834e-03 5.8313e-01 3.2986e-08
4.0110e-03 5.8353e-01 3.2843e-08
4.0389e-03 5.8392e-01 3.2699e-08
4.0669e-03 5.8432e-01 3.2557e-08
4.0951e-03 5.8471e-01 3.2414e-08
4.1235e-03 5.8510e-01 3.2273e-08
4.1522e-03 5.8549e-01 3.2132e-08
4.1810e-03 5.8588e-01 3.1991e-08
4.2100e-03 5.8627e-01 3.1851e-08
4.2392e-03 5.8665e-01 3.1712e-08
4.2686e-03 5.8704e-01 3.1573e-08
4.2982e-03 5.8742e-01 3.1435e-08
4.3281e-03 5.8780e-01 3.1297e-08
4.3581e-03 5.8818e-01 3.1160e-08
4.3884e-03 5.8856e-01 3.1024e-08
4.4188e-03 5.8893e-01 3.0888e-08
4.4495e-03 5.8931e-01 3.0752e-08
4.4803e-03 5.8968e-01 3.0618e-08
4.5114e-03 5.9006e-01 3.0483e-08
4.5427e-03 5.9043e-01 3.0350e-08
4.5743e-03 5.9080e-01 3.0216e-08
4.6060e-03 5.9117e-01 3.0084e-08
4.6380e-03 5.9153e-01 2.9952e-08
4.6702e-03 5.9190e-01 2.9821e-08
4.7026e-03 5.9227e-01 2.9690e-08
4.7352e-03 5.9263e-01 2.9559e-08
4.7681e-03 5.9299e-01 2.9430e-08
4.8012e-03 5.9335e-01 2.9301e-08
4.8345e-03 5.9371e-01 2.9172e-08
4.8680e-03 5.9407e-01 2.9044e-08
4.9018e-03 5.9443e-01 2.8917e-08
4.9358e-03 5.9479e-01 2.8790e-08
4.9701e-03 5.9514e-01 2.8663e-08
5.0046e-03 5.9550e-01 2.8538e-08
5.0393e-03 5.9585e-01 2.8412e-08
5.0743e-03 5.9620e-01 2.8288e-08
5.1095e-03 5.9656e-01 2.8164e-08
5.1449e-03 5.9691e-01 2.8040e-08
5.1806e-03 5.9726e-01 2.7917e-08
5.2166e-03 5.9761e-01 2.7795e-08
5.2528e-03 5.9795e-01 2.7673e-08
5.2893e-03 5.9830e-01 2.7552e-08
5.3260e-03 5.9865e-01 2.7431e-08
5.3629e-03 5.9899e-01 2.7311e-08
5.4001e-03 5.9934e-01 2.7191e-08
5.4376e-03 5.9968e-01 2.7072e-08
5.4753e-03 6.0003e-01 2.6954e-08
5.5133e-03 6.0037e-01 2.6836e-08
5.5516e-03 6.0071e-01 2.6719e-08
5.5901e-03 6.0105e-01 2.6602e-08
5.6289e-03 6.0139e-01 2.6486e-08
5.6680e-03 6.0173e-01 2.6370e-08
5.7073e-03 6.0207e-01 2.6255e-08
5.7469e-03 6.0241e-01 2.6140e-08
5.7868e-03 6.0274e-01 2.6026e-08
5.8270e-03 6.0308e-01 2.5913e-08
5.8674e-03 6.0342e-01 2.5800e-08
5.9081e-03 6.0375e-01 2.5688e-08
5.9491e-03 6.0409e-01 2.5576e-08
5.9904e-03 6.0442e-01 2.5465e-08
6.0320e-03 6.0476e-01 2.5354e-08
6.0738e-03 6.0509e-01 2.5244e-08
6.1160e-03 6.0543e-01 2.5135e-08
6.1584e-03 6.0576e-01 2.5026e-08
6.2012e-03 6.0609e-01 2.4917e-08
6.2442e-03 6.0643e-01 2.4809e-08
6.2875e-03 6.0676e-01 2.4702e-08
6.3312e-03 6.0709e-01 2.4595e-08
6.3751e-03 6.0742e-01 2.4489e-08
6.4193e-03 6.0775e-01 2.4383e-08
6.4639e-03 6.0809e-01 2.4278e-08
6.5087e-03 6.0842e-01 2.4174e-08
6.5539e-03 6.0875e-01 2.4070e-08
6.5994e-03 6.0908e-01 2.3966e-08
6.6452e-03 6.0941e-01 2.3863e-08
6.6913e-03 6.0974e-01 2.3761e-08
6.7377e-03 6.1007e-01 2.3659e-08
6.7845e-03 6.1040e-01 2.3558e-08
6.8316e-03 6.1073e-01 2.3457e-08
6.8790e-03 6.1106e-01 2.3357e-08
6.9267e-03 6.1139e-01 2.3258e-08
6.9748e-03 6.1173e-01 2.3158e-08
7.0232e-03 6.1206e-01 2.3060e-08
7.0719e-03 6.1239e-01 2.2962e-08
7.1210e-03 6.1272e-01 2.2865e-08
7.1704e-03 6.1305e-01 2.2768e-08
7.2202e-03 6.1338e-01 2.2672e-08
7.2703e-03 6.1371e-01 2.2576e-08
7.3208e-03 6.1405e-01 2.2481e-08
7.3716e-03 6.1438e-01 2.2386e-08
7.4227e-03 6.1471e-01 2.2292e-08
7.4742e-03 6.1505e-01 2.2198e-08
7.5261e-03 6.1538e-01 2.2105e-08
7.5783e-03 6.1571e-01 2.2013e-08
7.6309e-03 6.1605e-01 2.1921e-08
7.6839e-03 6.1639e-01 2.1830e-08
7.7372e-03 6.1672e-01 2.1739e-08
7.7909e-03 6.1706e-01 2.1649e-08
7.8450e-03 6.1739e-01 2.1559e-08
7.8994e-03 6.1773e-01 2.1470e-08
7.9542e-03 6.1807e-01 2.1381e-08
8.0094e-03 6.1841e-01 2.1293e-08
8.0650e-03 6.1875e-01 2.1206e-08
8.1210e-03 6.1909e-01 2.1119e-08
8.1773e-03 6.1943e-01 2.1032e-08
8.2341e-03 6.1977e-01 2.0946e-08
8.2912e-03 6.2012e-01 2.0861e-08
8.3487e-03 6.2046e-01 2.0776e-08
8.4067e-03 6.2081e-01 2.0692e-08
8.4650e-03 6.2115e-01 2.0608e-08
8.5238e-03 6.2150e-01 2.0525e-08
8.5829e-03 6.2185e-01 2.0443e-08
8.6425e-03 6.2219e-01 2.0361e-08
8.7025e-03 6.2254e-01 2.0279e-08
8.7628e-03 6.2290e-01 2.0198e-08
8.8237e-03 6.2325e-01 2.0118e-08
8.8849e-03 6.2360e-01 2.0038e-08
8.9466e-03 6.2396e-01 1.9959e-08
9.0086e-03 6.2431e-01 1.9880e-08
9.0712e-03 6.2467e-01 1.9802e-08
9.1341e-03 6.2503e-01 1.9724e-08
9.1975e-03 6.2539e-01 1.9647e-08
9.2613e-03 6.2575e-01 1.9571e-08
9.3256e-03 6.2611e-01 1.9495e-08
9.3903e-03 6.2648e-01 1.9420e-08
9.4555e-03 6.2684e-01 1.9345e-08
9.5211e-03 6.2721e-01 1.9270e-08
9.5872e-03 6.2758e-01 1.9197e-08
9.6537e-03 6.2795e-01 1.9124e-08
9.7207e-03 6.2832e-01 1.9051e-08
9.7881e-03 6.2870e-01 1.8979e-08
9.8561e-03 6.2907e-01 1.8907e-08
9.9245e-03 6.2945e-01 1.8836e-08
9.9933e-03 6.2983e-01 1.8766e-08
1.0063e-02 6.3021e-01 1.8696e-08
1.0133e-02 6.3059e-01 1.8627e-08
1.0203e-02 6.3098e-01 1.8558e-08
1.0274e-02 6.3136e-01 1.8490e-08
1.0345e-02 6.3175e-01 1.8423e-08
1.0417e-02 6.3214e-01 1.8356e-08
1.0489e-02 6.3253e-01 1.8289e-08
1.0562e-02 6.3293e-01 1.8223e-08
1.0635e-02 6.3332e-01 1.8158e-08
1.0709e-02 6.3372e-01 1.8093e-08
1.0783e-02 6.3412e-01 1.8029e-08
1.0858e-02 6.3453e-01 1.7966e-08
1.0933e-02 6.3493e-01 1.7903e-08
1.1009e-02 6.3534e-01 1.7840e-08
1.1086e-02 6.3575e-01 1.7778e-08
1.1163e-02 6.3616e-01 1.7717e-08
1.1240e-02 6.3657e-01 1.7656e-08
1.1318e-02 6.3699e-01 1.7596e-08
1.1397e-02 6.3741e-01 1.7537e-08
1.1476e-02 6.3783e-01 1.7478e-08
1.1555e-02 6.3825e-01 1.7419e-08
1.1636e-02 6.3868e-01 1.7362e-08
1.1716e-02 6.3911e-01 1.7304e-08
1.1798e-02 6.3954e-01 1.7248e-08
1.1879e-02 6.3997e-01 1.7192e-08
1.1962e-02 6.4041e-01 1.7136e-08
1.2045e-02 6.4085e-01 1.7081e-08
1.2128e-02 6.4129e-01 1.7027e-08
1.2213e-02 6.4173e-01 1.6974e-08
1.2297e-02 6.4218e-01 1.6921e-08
1.2383e-02 6.4263e-01 1.6868e-08
1.2469e-02 6.4308e-01 1.6816e-08
1.2555e-02 6.4353e-01 1.6765e-08
1.2642e-02 6.4399e-01 1.6715e-08
1.2730e-02 6.4445e-01 1.6665e-08
1.2818e-02 6.4491e-01 1.6615e-08
1.2907e-02 6.4538e-01 1.6566e-08
1.2997e-02 6.4585e-01 1.6518e-08
1.3087e-02 6.4632e-01 1.6471e-08
1.3178e-02 6.4679e-01 1.6424e-08
1.3269e-02 6.4727e-01 1.6378e-08
1.3361e-02 6.4774e-01 1.6332e-08
1.3454e-02 6.4823e-01 1.6287e-08
1.3548e-02 6.4871e-01 1.6243e-08
1.3642e-02 6.4920e-01 1.6199e-08
1.3736e-02 6.4968e-01 1.6156e-08
1.3832e-02 6.5018e-01 1.6114e-08
1.3928e-02 6.5067e-01 1.6072e-08
1.4024e-02 6.5117e-01 1.6031e-08
1.4122e-02 6.5167e-01 1.5990e-08
1.4220e-02 6.5217e-01 1.5950e-08
1.4318e-02 6.5267e-01 1.5911e-08
1.4418e-02 6.5318e-01 1.5873e-08
1.4518e-02 6.5369e-01 1.5835e-08
1.4618e-02 6.5420e-01 1.5798e-08
1.4720e-02 6.5472e-01 1.5761e-08
1.4822e-02 6.5523e-01 1.5726e-08
1.4925e-02 6.5575e-01 1.5691e-08
1.5028e-02 6.5627e-01 1.5656e-08
1.5133e-02 6.5680e-01 1.5622e-08
1.5238e-02 6.5732e-01 1.5590e-08
1.5343e-02 6.5785e-01 1.5557e-08
1.5450e-02 6.5838e-01 1.5526e-08
1.5557e-02 6.5891e-01 1.5495e-08
1.5665e-02 6.5944e-01 1.5465e-08
1.5774e-02 6.5998e-01 1.5435e-08
1.5883e-02 6.6051e-01 1.5407e-08
1.5994e-02 6.6105e-01 1.5379e-08
1.6105e-02 6.6159e-01 1.5351e-08
1.6216e-02 6.6213e-01 1.5325e-08
1.6329e-02 6.6267e-01 1.5299e-08
1.6442e-02 6.6321e-01 1.5274e-08
1.6556e-02 6.6376e-01 1.5250e-08
1.6671e-02 6.6430e-01 1.5227e-08
1.6787e-02 6.6484e-01 1.5204e-08
1.6903e-02 6.6539e-01 1.5182e-08
1.7021e-02 6.6594e-01 1.5161e-08
1.7139e-02 6.6648e-01 1.5141e-08
1.7258e-02 6.6703e-01 1.5122e-08
1.7377e-02 6.6757e-01 1.5103e-08
1.7498e-02 6.6812e-01 1.5085e-08
1.7619e-02 6.6866e-01 1.5068e-08
1.7742e-02 6.6920e-01 1.5052e-08
1.7865e-02 6.6975e-01 1.5037e-08
1.7989e-02 6.7029e-01 1.5022e-08
1.8114e-02 6.7082e-01 1.5009e-08
1.8239e-02 6.7136e-01 1.4996e-08
1.8366e-02 6.7190e-01 1.4984e-08
1.8493e-02 6.7243e-01 1.4973e-08
1.8622e-02 6.7296e-01 1.4963e-08
1.8751e-02 6.7349e-01 1.4954e-08
1.8881e-02 6.7401e-01 1.4946e-08
1.9012e-02 6.7453e-01 1.4938e-08
1.9144e-02 6.7505e-01 1.4932e-08
1.9277e-02 6.7556e-01 1.4926e-08
1.9411e-02 6.7607e-01 1.4922e-08
1.9545e-02 6.7657e-01 1.4918e-08
1.9681e-02 6.7707e-01 1.4916e-08
1.9818e-02 6.7756e-01 1.4914e-08
1.9955e-02 6.7804e-01 1.4913e-08
2.0094e-02 6.7852e-01 1.4914e-08
2.0233e-02 6.7899e-01 1.4915e-08
2.0373e-02 6.7945e-01 1.4918e-08
2.0515e-02 6.7991e-01 1.4921e-08
2.0657e-02 6.8036e-01 1.4926e-08
2.0801e-02 6.8079e-01 1.4931e-08
2.0945e-02 6.8122e-01 1.4938e-08
2.1090e-02 6.8164e-01 1.4946e-08
2.1237e-02 6.8205e-01 1.4955e-08
2.1384e-02 6.8244e-01 1.4965e-08
2.1532e-02 6.8283e-01 1.4976e-08
2.1682e-02 6.8320e-01 1.4988e-08
2.1832e-02 6.8356e-01 1.5002e-08
2.1984e-02 6.8390e-01 1.5017e-08
2.2136e-02 6.8423e-01 1.5033e-08
2.2290e-02 6.8454e-01 1.5050e-08
2.2445e-02 6.8484e-01 1.5068e-08
2.2600e-02 6.8513e-01 1.5088e-08
2.2757e-02 6.8539e-01 1.5109e-08
2.2915e-02 6.8564e-01 1.5131e-08
2.3074e-02 6.8586e-01 1.5154e-08
2.3234e-02 6.8607e-01 1.5179e-08
2.3396e-02 6.8626e-01 1.5205e-08
2.3558e-02 6.8643e-01 1.5233e-08
2.3721e-02 6.8657e-01 1.5262e-08
2.3886e-02 6.8669e-01 1.5292e-08
2.4052e-02 6.8679e-01 1.5324e-08
2.4219e-02 6.8686e-01 1.5357e-08
2.4387e-02 6.8691e-01 1.5392e-08
2.4556e-02 6.8693e-01 1.5428e-08
2.4726e-02 6.8692e-01 1.5466e-08
2.4898e-02 6.8688e-01 1.5505e-08
2.5071e-02 6.8682e-01 1.5546e-08
2.5245e-02 6.8672e-01 1.5589e-08
2.5420e-02 6.8659e-01 1.5633e-08
2.5596e-02 6.8643e-01 1.5679e-08
2.5774e-02 6.8623e-01 1.5726e-08
2.5953e-02 6.8600e-01 1.5775e-08
2.6133e-02 6.8574e-01 1.5826e-08
2.6314e-02 6.8543e-01 1.5879e-08
2.6497e-02 6.8509e-01 1.5934e-08
2.6681e-02 6.8471e-01 1.5990e-08
2.6866e-02 6.8429e-01 1.6049e-08
2.7052e-02 6.8383e-01 1.6109e-08
2.7240e-02 6.8333e-01 1.6171e-08
2.7429e-02 6.8278e-01 1.6235e-08
2.7620e-02 6.8218e-01 1.6302e-08
2.7811e-02 6.8155e-01 1.6370e-08
2.8004e-02 6.8086e-01 1.6440e-08
2.8199e-02 6.8013e-01 1.6513e-08
2.8394e-02 6.7934e-01 1.6588e-08
2.8591e-02 6.7851e-01 1.6665e-08
2.8790e-02 6.7763e-01 1.6744e-08
2.8989e-02 6.7669e-01 1.6826e-08
2.9191e-02 6.7570e-01 1.6910e-08
2.9393e-02 6.7466e-01 1.6997e-08
2.9597e-02 6.7356e-01 1.7086e-08
2.9803e-02 6.7240e-01 1.7177e-08
3.0009e-02 6.7119e-01 1.7271e-08
3.0218e-02 6.6991e-01 1.7368e-08
3.0427e-02 6.6858e-01 1.7468e-08
3.0638e-02 6.6719e-01 1.7570e-08
3.0851e-02 6.6574e-01 1.7676e-08
3.1065e-02 6.6423e-01 1.7784e-08
3.1281e-02 6.6265e-01 1.7895e-08
3.1498e-02 6.6101e-01 1.8009e-08
3.1716e-02 6.5931e-01 1.8127e-08
3.1937e-02 6.5755e-01 1.8247e-08
3.2158e-02 6.5571e-01 1.8371e-08
3.2381e-02 6.5382e-01 1.8498e-08
3.2606e-02 6.5186e-01 1.8629e-08
3.2832e-02 6.4983e-01 1.8763e-08
3.3060e-02 6.4773e-01 1.8901e-08
3.3290e-02 6.4557e-01 1.9043e-08
3.3521e-02 6.4334e-01 1.9189e-08
3.3753e-02 6.4105e-01 1.9338e-08
3.3987e-02 6.3869e-01 1.9492e-08
3.4223e-02 6.3626e-01 1.9649e-08
3.4461e-02 6.3377e-01 1.9811e-08
3.4700e-02 6.3121e-01 1.9978e-08
3.4941e-02 6.2858e-01 2.0149e-08
3.5183e-02 6.2589e-01 2.0324e-08
3.5427e-02 6.2313e-01 2.0505e-08
3.5673e-02 6.2031e-01 2.0690e-08
3.5921e-02 6.1742e-01 2.0880e-08
3.6170e-02 6.1448e-01 2.1076e-08
3.6421e-02 6.1147e-01 2.1277e-08
3.6674e-02 6.0839e-01 2.1483e-08
3.6928e-02 6.0526e-01 2.1695e-08
3.7185e-02 6.0207e-01 2.1914e-08
3.7443e-02 5.9883e-01 2.2138e-08
3.7703e-02 5.9552e-01 2.2368e-08
3.7964e-02 5.9216e-01 2.2605e-08
3.8228e-02 5.8875e-01 2.2849e-08
3.8493e-02 5.8528e-01 2.3099e-08
3.8760e-02 5.8177e-01 2.3357e-08
3.9029e-02 5.7820e-01 2.3621e-08
3.9300e-02 5.7459e-01 2.3894e-08
3.9573e-02 5.7094e-01 2.4174e-08
3.9847e-02 5.6724e-01 2.4463e-08
4.0124e-02 5.6350e-01 2.4759e-08
4.0402e-02 5.5972e-01 2.5065e-08
4.0683e-02 5.5590e-01 2.5379e-08
4.0965e-02 5.5205e-01 2.5703e-08
4.1249e-02 5.4817e-01 2.6036e-08
4.1535e-02 5.4425e-01 2.6379e-08
4.1824e-02 5.4031e-01 2.6732e-08
4.2114e-02 5.3635e-01 2.7096e-08
4.2406e-02 5.3236e-01 2.7471e-08
4.2700e-02 5.2835e-01 2.7858e-08
4.2997e-02 5.2432e-01 2.8256e-08
4.3295e-02 5.2028e-01 2.8666e-08
4.3596e-02 5.1622e-01 2.9089e-08
4.3898e-02 5.1216e-01 2.9525e-08
4.4203e-02 5.0808e-01 2.9975e-08
4.4510e-02 5.0400e-01 3.0439e-08
4.4818e-02 4.9992e-01 3.0917e-08
4.5129e-02 4.9583e-01 3.1411e-08
4.5443e-02 4.9175e-01 3.1920e-08
4.5758e-02 4.8767e-01 3.2446e-08
4.6076e-02 4.8360e-01 3.2988e-08
4.6395e-02 4.7954e-01 3.3548e-08
4.6717e-02 4.7548e-01 3.4126e-08
4.7041e-02 4.7145e-01 3.4724e-08
4.7368e-02 4.6742e-01 3.5341e-08
4.7697e-02 4.6342e-01 3.5978e-08
4.8028e-02 4.5943e-01 3.6636e-08
4.8361e-02 4.5547e-01 3.7316e-08
4.8697e-02 4.5153e-01 3.8020e-08
4.9034e-02 4.4762e-01 3.8746e-08
4.9375e-02 4.4374e-01 3.9498e-08
4.9717e-02 4.3988e-01 4.0275e-08
5.0062e-02 4.3606e-01 4.1078e-08
5.0410e-02 4.3227e-01 4.1910e-08
5.0760e-02 4.2852e-01 4.2769e-08
5.1112e-02 4.2480e-01 4.3659e-08
5.1467e-02 4.2112e-01 4.4580e-08
5.1824e-02 4.1748e-01 4.5532e-08
5.2183e-02 4.1388e-01 4.6519e-08
5.2546e-02 4.1032e-01 4.7540e-08
5.2910e-02 4.0680e-01 4.8597e-08
5.3277e-02 4.0333e-01 4.9692e-08
5.3647e-02 3.9990e-01 5.0825e-08
5.4019e-02 3.9652e-01 5.2000e-08
5.4394e-02 3.9318e-01 5.3217e-08
5.4772e-02 3.8990e-01 5.4477e-08
5.5152e-02 3.8666e-01 5.5784e-08
5.5535e-02 3.8347e-01 5.7138e-08
5.5920e-02 3.8032e-01 5.8541e-08
5.6308e-02 3.7723e-01 5.9996e-08
5.6699e-02 3.7419e-01 6.1504e-08
5.7092e-02 3.7120e-01 6.3068e-08
5.7488e-02 3.6826e-01 6.4690e-08
5.7887e-02 3.6537e-01 6.6373e-08
5.8289e-02 3.6253e-01 6.8117e-08
5.8694e-02 3.5974e-01 6.9928e-08
5.9101e-02 3.5700e-01 7.1806e-08
5.9511e-02 3.5431e-01 7.3754e-08
5.9924e-02 3.5168e-01 7.5777e-08
6.0340e-02 3.4909e-01 7.7875e-08
6.0759e-02 3.4656e-01 8.0054e-08
6.1180e-02 3.4407e-01 8.2315e-08
6.1605e-02 3.4164e-01 8.4663e-08
6.2032e-02 3.3926e-01 8.7100e-08
6.2463e-02 3.3692e-01 8.9631e-08
6.2896e-02 3.3464e-01 9.2260e-08
6.3333e-02 3.3240e-01 9.4989e-08
6.3772e-02 3.3021e-01 9.7824e-08
6.4215e-02 3.2807e-01 1.0077e-07
6.4660e-02 3.2598e-01 1.0383e-07
6.5109e-02 3.2393e-01 1.0701e-07
6.5561e-02 3.2193e-01 1.1031e-07
6.6016e-02 3.1997e-01 1.1374e-07
6.6474e-02 3.1806e-01 1.1731e-07
6.6935e-02 3.1620e-01 1.2101e-07
6.7400e-02 3.1438e-01 1.2486e-07
6.7868e-02 3.1260e-01 1.2887e-07
6.8339e-02 3.1086e-01 1.3303e-07
6.8813e-02 3.0917e-01 1.3736e-07
6.9290e-02 3.0751e-01 1.4185e-07
6.9771e-02 3.0590e-01 1.4653e-07
7.0255e-02 3.0433e-01 1.5139e-07
7.0743e-02 3.0279e-01 1.5645e-07
7.1234e-02 3.0129e-01 1.6171e-07
7.1728e-02 2.9984e-01 1.6718e-07
7.2226e-02 2.9841e-01 1.7286e-07
7.2727e-02 2.9703e-01 1.7878e-07
7.3232e-02 2.9568e-01 1.8493e-07
7.3740e-02 2.9437e-01 1.9133e-07
7.4252e-02 2.9308e-01 1.9799e-07
7.4767e-02 2.9184e-01 2.0492e-07
7.5286e-02 2.9062e-01 2.1212e-07
7.5808e-02 2.8944e-01 2.1962e-07
7.6335e-02 2.8829e-01 2.2742e-07
7.6864e-02 2.8717e-01 2.3554e-07
7.7398e-02 2.8608e-01 2.4399e-07
7.7935e-02 2.8502e-01 2.5278e-07
7.8476e-02 2.8399e-01 2.6193e-07
7.9020e-02 2.8298e-01 2.7145e-07
7.9569e-02 2.8201e-01 2.8136e-07
8.0121e-02 2.8106e-01 2.9167e-07
8.0677e-02 2.8013e-01 3.0241e-07
8.1237e-02 2.7923e-01 3.1359e-07
8.1800e-02 2.7836e-01 3.2522e-07
8.2368e-02 2.7751e-01 3.3733e-07
8.2940e-02 2.7669e-01 3.4993e-07
8.3515e-02 2.7588e-01 3.6306e-07
8.4095e-02 2.7510e-01 3.7672e-07
8.4678e-02 2.7435e-01 3.9095e-07
8.5266e-02 2.7361e-01 4.0576e-07
8.5858e-02 2.7290e-01 4.2118e-07
8.6454e-02 2.7220e-01 4.3724e-07
8.7054e-02 2.7153e-01 4.5396e-07
8.7658e-02 2.7087e-01 4.7137e-07
8.8266e-02 2.7024e-01 4.8950e-07
8.8879e-02 2.6962e-01 5.0838e-07
8.9495e-02 2.6902e-01 5.2804e-07
9.0116e-02 2.6844e-01 5.4852e-07
9.0742e-02 2.6787e-01 5.6984e-07
9.1371e-02 2.6732e-01 5.9205e-07
9.2006e-02 2.6679e-01 6.1518e-07
9.2644e-02 2.6627e-01 6.3927e-07
9.3287e-02 2.6577e-01 6.6436e-07
9.3934e-02 2.6528e-01 6.9049e-07
9.4586e-02 2.6481e-01 7.1771e-07
9.5243e-02 2.6435e-01 7.4606e-07
9.5904e-02 2.6390e-01 7.7559e-07
9.6569e-02 2.6347e-01 8.0635e-07
9.7239e-02 2.6305e-01 8.3840e-07
9.7914e-02 2.6265e-01 8.7178e-07
9.8594e-02 2.6225e-01 9.0655e-07
9.9278e-02 2.6187e-01 9.4277e-07
9.9967e-02 2.6150e-01 9.8050e-07
1.0066e-01 2.6114e-01 1.0198e-06
1.0136e-01 2.6079e-01 1.0608e-06
1.0206e-01 2.6045e-01 1.1034e-06
1.0277e-01 2.6013e-01 1.1479e-06
1.0348e-01 2.5981e-01 1.1942e-06
1.0420e-01 2.5950e-01 1.2424e-06
1.0493e-01 2.5920e-01 1.2927e-06
1.0565e-01 2.5891e-01 1.3450e-06
1.0639e-01 2.5863e-01 1.3996e-06
1.0712e-01 2.5836e-01 1.4564e-06
1.0787e-01 2.5810e-01 1.5156e-06
1.0862e-01 2.5785e-01 1.5773e-06
1.0937e-01 2.5760e-01 1.6416e-06
1.1013e-01 2.5736e-01 1.7086e-06
1.1089e-01 2.5713e-01 1.7784e-06
1.1166e-01 2.5691e-01 1.8511e-06
1.1244e-01 2.5669e-01 1.9268e-06
1.1322e-01 2.5648e-01 2.0058e-06
1.1400e-01 2.5628e-01 2.0880e-06
1.1480e-01 2.5608e-01 2.1737e-06
1.1559e-01 2.5589e-01 2.2630e-06
1.1639e-01 2.5570e-01 2.3561e-06
1.1720e-01 2.5553e-01 2.4531e-06
1.1802e-01 2.5535e-01 2.5541e-06
1.1883e-01 2.5519e-01 2.6594e-06
1.1966e-01 2.5503e-01 2.7691e-06
1.2049e-01 2.5487e-01 2.8834e-06
1.2133e-01 2.5472e-01 3.0025e-06
1.2217e-01 2.5457e-01 3.1266e-06
1.2302e-01 2.5443e-01 3.2560e-06
1.2387e-01 2.5430e-01 3.3908e-06
1.2473e-01 2.5417e-01 3.5312e-06
1.2559e-01 2.5404e-01 3.6776e-06
1.2647e-01 2.5392e-01 3.8301e-06
1.2734e-01 2.5380e-01 3.9890e-06
1.2823e-01 2.5369e-01 4.1546e-06
1.2912e-01 2.5358e-01 4.3272e-06
1.3001e-01 2.5347e-01 4.5070e-06
1.3091e-01 2.5337e-01 4.6944e-06
1.3182e-01 2.5327e-01 4.8897e-06
1.3274e-01 2.5317e-01 5.0932e-06
1.3366e-01 2.5308e-01 5.3053e-06
1.3459e-01 2.5299e-01 5.5263e-06
1.3552e-01 2.5291e-01 5.7566e-06
1.3646e-01 2.5283e-01 5.9966e-06
1.3741e-01 2.5275e-01 6.2466e-06
1.3836e-01 2.5267e-01 6.5072e-06
1.3932e-01 2.5260e-01 6.7788e-06
1.4029e-01 2.5253e-01 7.0618e-06
1.4126e-01 2.5247e-01 7.3567e-06
1.4224e-01 2.5240e-01 7.6641e-06
1.4323e-01 2.5234e-01 7.9843e-06
1.4422e-01 2.5228e-01 8.3181e-06
1.4522e-01 2.5223e-01 8.6659e-06
1.4623e-01 2.5217e-01 9.0283e-06
1.4725e-01 2.5212e-01 9.4060e-06
1.4827e-01 2.5207e-01 9.7996e-06
1.4930e-01 2.5203e-01 1.0210e-05
1.5033e-01 2.5198e-01 1.0637e-05
1.5138e-01 2.5194e-01 1.1083e-05
1.5243e-01 2.5190e-01 1.1547e-05
1.5349e-01 2.5187e-01 1.2030e-05
1.5455e-01 2.5183e-01 1.2534e-05
1.5562e-01 2.5180e-01 1.3060e-05
1.5670e-01 2.5177e-01 1.3607e-05
1.5779e-01 2.5174e-01 1.4177e-05
1.5889e-01 2.5171e-01 1.4772e-05
1.5999e-01 2.5168e-01 1.5391e-05
1.6110e-01 2.5166e-01 1.6036e-05
1.6222e-01 2.5164e-01 1.6709e-05
1.6334e-01 2.5162e-01 1.7410e-05
1.6448e-01 2.5160e-01 1.8140e-05
1.6562e-01 2.5158e-01 1.8901e-05
1.6677e-01 2.5157e-01 1.9694e-05
1.6792e-01 2.5155e-01 2.0520e-05
1.6909e-01 2.5154e-01 2.1381e-05
1.7026e-01 2.5153e-01 2.2278e-05
1.7144e-01 2.5152e-01 2.3213e-05
1.7263e-01 2.5151e-01 2.4188e-05
1.7383e-01 2.5151e-01 2.5203e-05
1.7504e-01 2.5150e-01 2.6261e-05
1.7625e-01 2.5150e-01 2.7363e-05
1.7748e-01 2.5150e-01 2.8511e-05
1.7871e-01 2.5150e-01 2.9708e-05
1.7995e-01 2.5150e-01 3.0955e-05
1.8120e-01 2.5150e-01 3.2255e-05
1.8245e-01 2.5151e-01 3.3608e-05
1.8372e-01 2.5152e-01 3.5019e-05
1.8500e-01 2.5152e-01 3.6489e-05
1.8628e-01 2.5153e-01 3.8021e-05
1.8757e-01 2.5154e-01 3.9617e-05
1.8887e-01 2.5155e-01 4.1279e-05
1.9018e-01 2.5157e-01 4.3012e-05
1.9150e-01 2.5158e-01 4.4817e-05
1.9283e-01 2.5160e-01 4.6698e-05
1.9417e-01 2.5161e-01 4.8657e-05
1.9552e-01 2.5163e-01 5.0699e-05
1.9688e-01 2.5165e-01 5.2826e-05
1.9824e-01 2.5167e-01 5.5043e-05
1.9962e-01 2.5170e-01 5.7352e-05
2.0100e-01 2.5172e-01 5.9757e-05
2.0240e-01 2.5174e-01 6.2264e-05
2.0380e-01 2.5177e-01 6.4875e-05
2.0522e-01 2.5180e-01 6.7596e-05
2.0664e-01 2.5183e-01 7.0430e-05
2.0807e-01 2.5186e-01 7.3383e-05
2.0952e-01 2.5189e-01 7.6459e-05
2.1097e-01 2.5193e-01 7.9664e-05
2.1244e-01 2.5196e-01 8.3003e-05
2.1391e-01 2.5200e-01 8.6481e-05
2.1540e-01 2.5204e-01 9.0105e-05
2.1689e-01 2.5208e-01 9.3879e-05
2.1840e-01 2.5212e-01 9.7811e-05
2.1991e-01 2.5216e-01 1.0191e-04
2.2144e-01 2.5221e-01 1.0617e-04
2.2297e-01 2.5225e-01 1.1062e-04
2.2452e-01 2.5230e-01 1.1525e-04
2.2608e-01 2.5235e-01 1.2007e-04
2.2765e-01 2.5240e-01 1.2510e-04
2.2923e-01 2.5246e-01 1.3033e-04
2.3082e-01 2.5251e-01 1.3578e-04
2.3242e-01 2.5257e-01 1.4146e-04
2.3403e-01 2.5263e-01 1.4737e-04
2.3566e-01 2.5269e-01 1.5353e-04
2.3729e-01 2.5275e-01 1.5995e-04
2.3894e-01 2.5281e-01 1.6663e-04
2.4060e-01 2.5288e-01 1.7359e-04
2.4227e-01 2.5295e-01 1.8084e-04
2.4395e-01 2.5302e-01 1.8839e-04
2.4564e-01 2.5309e-01 1.9625e-04
2.4735e-01 2.5316e-01 2.0444e-04
2.4906e-01 2.5324e-01 2.1296e-04
2.5079e-01 2.5332e-01 2.2184e-04
2.5253e-01 2.5340e-01 2.3109e-04
2.5428e-01 2.5349e-01 2.4072e-04
2.5605e-01 2.5357e-01 2.5075e-04
2.5783e-01 2.5366e-01 2.6119e-04
2.5961e-01 2.5375e-01 2.7207e-04
2.6142e-01 2.5384e-01 2.8339e-04
2.6323e-01 2.5394e-01 2.9518e-04
2.6506e-01 2.5404e-01 3.0746e-04
2.6690e-01 2.5414e-01 3.2024e-04
2.6875e-01 2.5425e-01 3.3355e-04
2.7061e-01 2.5435e-01 3.4740e-04
2.7249e-01 2.5446e-01 3.6183e-04
2.7438e-01 2.5458e-01 3.7685e-04
2.7629e-01 2.5469e-01 3.9249e-04
2.7820e-01 2.5482e-01 4.0877e-04
2.8014e-01 2.5494e-01 4.2571e-04
2.8208e-01 2.5507e-01 4.4336e-04
2.8404e-01 2.5520e-01 4.6172e-04
2.8601e-01 2.5533e-01 4.8084e-04
2.8799e-01 2.5547e-01 5.0074e-04
2.8999e-01 2.5561e-01 5.2145e-04
2.9200e-01 2.5576e-01 5.4301e-04
2.9403e-01 2.5591e-01 5.6545e-04
2.9607e-01 2.5606e-01 5.8880e-04
2.9813e-01 2.5622e-01 6.1311e-04
3.0019e-01 2.5638e-01 6.3840e-04
3.0228e-01 2.5655e-01 6.6473e-04
3.0437e-01 2.5672e-01 6.9213e-04
3.0649e-01 2.5690e-01 7.2064e-04
3.0861e-01 2.5708e-01 7.5030e-04
3.1076e-01 2.5727e-01 7.8117e-04
3.1291e-01 2.5746e-01 8.1329e-04
3.1508e-01 2.5765e-01 8.4671e-04
3.1727e-01 2.5786e-01 8.8148e-04
3.1947e-01 2.5807e-01 9.1765e-04
3.2169e-01 2.5828e-01 9.5529e-04
3.2392e-01 2.5850e-01 9.9444e-04
3.2617e-01 2.5873e-01 1.0352e-03
3.2843e-01 2.5896e-01 1.0775e-03
3.3071e-01 2.5920e-01 1.1216e-03
3.3301e-01 2.5945e-01 1.1674e-03
3.3532e-01 2.5970e-01 1.2151e-03
3.3764e-01 2.5996e-01 1.2647e-03
3.3999e-01 2.6023e-01 1.3162e-03
3.4235e-01 2.6051e-01 1.3699e-03
3.4472e-01 2.6079e-01 1.4256e-03
3.4712e-01 2.6108e-01 1.4836e-03
3.4952e-01 2.6138e-01 1.5439e-03
3.5195e-01 2.6169e-01 1.6066e-03
3.5439e-01 2.6201e-01 1.6718e-03
3.5685e-01 2.6234e-01 1.7395e-03
3.5933e-01 2.6267e-01 1.8100e-03
3.6182e-01 2.6302e-01 1.8832e-03
3.6433e-01 2.6337e-01 1.9593e-03
3.6686e-01 2.6374e-01 2.0384e-03
3.6941e-01 2.6412e-01 2.1206e-03
3.7197e-01 2.6450e-01 2.2060e-03
3.7455e-01 2.6490e-01 2.2948e-03
3.7715e-01 2.6531e-01 2.3871e-03
3.7977e-01 2.6573e-01 2.4829e-03
3.8240e-01 2.6616e-01 2.5825e-03
3.8506e-01 2.6661e-01 2.6860e-03
3.8773e-01 2.6707e-01 2.7935e-03
3.9042e-01 2.6754e-01 2.9052e-03
3.9313e-01 2.6803e-01 3.0211e-03
3.9586e-01 2.6853e-01 3.1416e-03
3.9861e-01 2.6904e-01 3.2667e-03
4.0137e-01 2.6957e-01 3.3966e-03
4.0416e-01 2.7011e-01 3.5315e-03
4.0696e-01 2.7067e-01 3.6716e-03
4.0979e-01 2.7124e-01 3.8170e-03
4.1263e-01 2.7184e-01 3.9680e-03
4.1549e-01 2.7244e-01 4.1247e-03
4.1838e-01 2.7307e-01 4.2874e-03
4.2128e-01 2.7371e-01 4.4562e-03
4.2420e-01 2.7437e-01 4.6314e-03
4.2715e-01 2.7505e-01 4.8132e-03
4.3011e-01 2.7575e-01 5.0018e-03
4.3310e-01 2.7647e-01 5.1975e-03
4.3610e-01 2.7721e-01 5.4005e-03
4.3913e-01 2.7797e-01 5.6111e-03
4.4218e-01 2.7876e-01 5.8295e-03
4.4524e-01 2.7956e-01 6.0560e-03
4.4833e-01 2.8039e-01 6.2908e-03
4.5144e-01 2.8124e-01 6.5343e-03
4.5458e-01 2.8211e-01 6.7868e-03
4.5773e-01 2.8301e-01 7.0485e-03
4.6091e-01 2.8393e-01 7.3198e-03
4.6411e-01 2.8488e-01 7.6009e-03
4.6733e-01 2.8585e-01 7.8922e-03
4.7057e-01 2.8685e-01 8.1940e-03
4.7384e-01 2.8788e-01 8.5068e-03
4.7713e-01 2.8893e-01 8.8307e-03
4.8044e-01 2.9002e-01 9.1662e-03
4.8377e-01 2.9113e-01 9.5136e-03
4.8713e-01 2.9227e-01 9.8734e-03
4.9051e-01 2.9345e-01 1.0246e-02
4.9391e-01 2.9465e-01 1.0631e-02
4.9734e-01 2.9589e-01 1.1031e-02
5.0079e-01 2.9716e-01 1.1444e-02
5.0427e-01 2.9846e-01 1.1871e-02
5.0777e-01 2.9979e-01 1.2313e-02
5.1129e-01 3.0116e-01 1.2770e-02
5.1484e-01 3.0257e-01 1.3244e-02
5.1841e-01 3.0401e-01 1.3733e-02
5.2201e-01 3.0549e-01 1.4238e-02
5.2563e-01 3.0700e-01 1.4761e-02
5.2928e-01 3.0855e-01 1.5302e-02
5.3295e-01 3.1014e-01 1.5860e-02
5.3665e-01 3.1177e-01 1.6437e-02
5.4037e-01 3.1344e-01 1.7034e-02
5.4412e-01 3.1515e-01 1.7649e-02
5.4790e-01 3.1690e-01 1.8285e-02
5.5170e-01 3.1869e-01 1.8942e-02
5.5553e-01 3.2052e-01 1.9620e-02
5.5939e-01 3.2240e-01 2.0320e-02
5.6327e-01 3.2432e-01 2.1042e-02
5.6718e-01 3.2628e-01 2.1787e-02
5.7111e-01 3.2828e-01 2.2555e-02
5.7508e-01 3.3034e-01 2.3348e-02
5.7907e-01 3.3243e-01 2.4165e-02
5.8309e-01 3.3457e-01 2.5007e-02
5.8713e-01 3.3676e-01 2.5876e-02
5.9121e-01 3.3900e-01 2.6771e-02
5.9531e-01 3.4128e-01 2.7693e-02
5.9944e-01 3.4360e-01 2.8642e-02
6.0360e-01 3.4598e-01 2.9620e-02
6.0779e-01 3.4840e-01 3.0627e-02
6.1201e-01 3.5087e-01 3.1664e-02
6.1625e-01 3.5339e-01 3.2731e-02
6.2053e-01 3.5596e-01 3.3828e-02
6.2484e-01 3.5858e-01 3.4957e-02
6.2917e-01 3.6124e-01 3.6118e-02
6.3354e-01 3.6395e-01 3.7312e-02
6.3794e-01 3.6671e-01 3.8539e-02
6.4236e-01 3.6952e-01 3.9800e-02
6.4682e-01 3.7238e-01 4.1096e-02
6.5131e-01 3.7529e-01 4.2427e-02
6.5583e-01 3.7824e-01 4.3794e-02
6.6038e-01 3.8124e-01 4.5197e-02
6.6496e-01 3.8429e-01 4.6638e-02
6.6958e-01 3.8739e-01 4.8116e-02
6.7422e-01 3.9053e-01 4.9632e-02
6.7890e-01 3.9372e-01 5.1187e-02
6.8361e-01 3.9696e-01 5.2782e-02
6.8836e-01 4.0024e-01 5.4417e-02
6.9313e-01 4.0356e-01 5.6092e-02
6.9795e-01 4.0693e-01 5.7808e-02
7.0279e-01 4.1034e-01 5.9566e-02
7.0767e-01 4.1379e-01 6.1366e-02
7.1258e-01 4.1728e-01 6.3209e-02
7.1752e-01 4.2082e-01 6.5096e-02
7.2250e-01 4.2439e-01 6.7025e-02
7.2751e-01 4.2800e-01 6.9000e-02
7.3256e-01 4.3165e-01 7.1018e-02
7.3765e-01 4.3533e-01 7.3082e-02
7.4277e-01 4.3905e-01 7.5191e-02
7.4792e-01 4.4279e-01 7.7347e-02
7.5311e-01 4.4657e-01 7.9548e-02
7.5834e-01 4.5038e-01 8.1796e-02
7.6360e-01 4.5422e-01 8.4092e-02
7.6890e-01 4.5809e-01 8.6434e-02
7.7424e-01 4.6197e-01 8.8825e-02
7.7961e-01 4.6589e-01 9.1263e-02
7.8502e-01 4.6982e-01 9.3749e-02
7.9047e-01 4.7377e-01 9.6284e-02
7.9595e-01 4.7774e-01 9.8868e-02
8.0148e-01 4.8172e-01 1.0150e-01
8.0704e-01 4.8571e-01 1.0418e-01
8.1264e-01 4.8972e-01 1.0691e-01
8.1828e-01 4.9373e-01 1.0969e-01
8.2396e-01 4.9775e-01 1.1252e-01
8.2967e-01 5.0177e-01 1.1540e-01
8.3543e-01 5.0580e-01 1.1833e-01
8.4123e-01 5.0982e-01 1.2131e-01
8.4707e-01 5.1384e-01 1.2433e-01
8.5294e-01 5.1785e-01 1.2741e-01
8.5886e-01 5.2185e-01 1.3054e-01
8.6482e-01 5.2584e-01 1.3371e-01
8.7083e-01 5.2981e-01 1.3693e-01
8.7687e-01 5.3377e-01 1.4021e-01
8.8295e-01 5.3771e-01 1.4353e-01
8.8908e-01 5.4162e-01 1.4690e-01
8.9525e-01 5.4551e-01 1.5032e-01
9.0146e-01 5.4936e-01 1.5378e-01
9.0772e-01 5.5319e-01 1.5730e-01
9.1402e-01 5.5698e-01 1.6086e-01
9.2036e-01 5.6073e-01 1.6447e-01
9.2675e-01 5.6444e-01 1.6812e-01
9.3318e-01 5.6811e-01 1.7182e-01
9.3966e-01 5.7173e-01 1.7557e-01
9.4618e-01 5.7530e-01 1.7936e-01
9.5274e-01 5.7882e-01 1.8319e-01
9.5936e-01 5.8228e-01 1.8707e-01
9.6601e-01 5.8568e-01 1.9100e-01
9.7272e-01 5.8902e-01 1.9496e-01
9.7947e-01 5.9229e-01 1.9897e-01
9.8626e-01 5.9549e-01 2.0302e-01
9.9311e-01 5.9863e-01 2.0711e-01
1.0000e+00 6.0169e-01 2.1124e-01
