9.9900e-04 1.9002e+04 -1.6115e+00
1.0059e-03 1.8791e+04 -1.6109e+00
1.0129e-03 1.8583e+04 -1.6103e+00
1.0199e-03 1.8377e+04 -1.6097e+00
1.0270e-03 1.8174e+04 -1.6091e+00
1.0341e-03 1.7973e+04 -1.6085e+00
1.0413e-03 1.7774e+04 -1.6079e+00
1.0486e-03 1.7577e+04 -1.6073e+00
1.0558e-03 1.7383e+04 -1.6067e+00
1.0632e-03 1.7191e+04 -1.6062e+00
1.0705e-03 1.7001e+04 -1.6056e+00
1.0780e-03 1.6814e+04 -1.6050e+00
1.0854e-03 1.6628e+04 -1.6044e+00
1.0930e-03 1.6445e+04 -1.6039e+00
1.1006e-03 1.6263e+04 -1.6033e+00
1.1082e-03 1.6084e+04 -1.6027e+00
1.1159e-03 1.5907e+04 -1.6022e+00
1.1236e-03 1.5731e+04 -1.6016e+00
1.1314e-03 1.5558e+04 -1.6010e+00
1.1393e-03 1.5387e+04 -1.6005e+00
1.1472e-03 1.5218e+04 -1.5999e+00
1.1551e-03 1.5050e+04 -1.5994e+00
1.1632e-03 1.4885e+04 -1.5988e+00
1.1712e-03 1.4721e+04 -1.5983e+00
1.1794e-03 1.4559e+04 -1.5977e+00
1.1875e-03 1.4399e+04 -1.5972e+00
1.1958e-03 1.4241e+04 -1.5967e+00
1.2041e-03 1.4085e+04 -1.5961e+00
1.2124e-03 1.3930e+04 -1.5956e+00
1.2209e-03 1.3777e+04 -1.5950e+00
1.2293e-03 1.3626e+04 -1.5945e+00
1.2379e-03 1.3477e+04 -1.5940e+00
1.2465e-03 1.3329e+04 -1.5935e+00
1.2551e-03 1.3183e+04 -1.5929e+00
1.2638e-03 1.3039e+04 -1.5924e+00
1.2726e-03 1.2896e+04 -1.5919e+00
1.2814e-03 1.2755e+04 -1.5914e+00
1.2903e-03 1.2615e+04 -1.5909e+00
1.2993e-03 1.2477e+04 -1.5903e+00
1.3083e-03 1.2341e+04 -1.5898e+00
1.3174e-03 1.2206e+04 -1.5893e+00
1.3265e-03 1.2072e+04 -1.5888e+00
1.3357e-03 1.1940e+04 -1.5883e+00
1.3450e-03 1.1810e+04 -1.5878e+00
1.3543e-03 1.1681e+04 -1.5873e+00
1.3637e-03 1.1553e+04 -1.5868e+00
1.3732e-03 1.1427e+04 -1.5863e+00
1.3827e-03 1.1303e+04 -1.5858e+00
1.3923e-03 1.1179e+04 -1.5853e+00
1.4020e-03 1.1058e+04 -1.5849e+00
1.4117e-03 1.0937e+04 -1.5844e+00
1.4215e-03 1.0818e+04 -1.5839e+00
1.4313e-03 1.0700e+04 -1.5834e+00
1.4413e-03 1.0584e+04 -1.5829e+00
1.4513e-03 1.0468e+04 -1.5824e+00
1.4614e-03 1.0354e+04 -1.5820e+00
1.4715e-03 1.0242e+04 -1.5815e+00
1.4817e-03 1.0130e+04 -1.5810e+00
1.4920e-03 1.0020e+04 -1.5806e+00
1.5023e-03 9.9114e+03 -1.5801e+00
1.5128e-03 9.8037e+03 -1.5796e+00
1.5233e-03 9.6972e+03 -1.5792e+00
1.5338e-03 9.5919e+03 -1.5787e+00
1.5445e-03 9.4877e+03 -1.5782e+00
1.5552e-03 9.3847e+03 -1.5778e+00
1.5660e-03 9.2829e+03 -1.5773e+00
1.5769e-03 9.1822e+03 -1.5769e+00
1.5878e-03 9.0826e+03 -1.5764e+00
1.5988e-03 8.9842e+03 -1.5760e+00
1.6099e-03 8.8868e+03 -1.5755e+00
1.6211e-03 8.7905e+03 -1.5751e+00
1.6323e-03 8.6953e+03 -1.5747e+00
1.6437e-03 8.6011e+03 -1.5742e+00
1.6551e-03 8.5080e+03 -1.5738e+00
1.6666e-03 8.4159e+03 -1.5734e+00
1.6781e-03 8.3249e+03 -1.5729e+00
1.6898e-03 8.2348e+03 -1.5725e+00
1.7015e-03 8.1457e+03 -1.5721e+00
1.7133e-03 8.0577e+03 -1.5716e+00
1.7252e-03 7.9706e+03 -1.5712e+00
1.7372e-03 7.8845e+03 -1.5708e+00
1.7492e-03 7.7993e+03 -1.5704e+00
1.7614e-03 7.7150e+03 -1.5700e+00
1.7736e-03 7.6317e+03 -1.5695e+00
1.7859e-03 7.5494e+03 -1.5691e+00
1.7983e-03 7.4679e+03 -1.5687e+00
1.8108e-03 7.3873e+03 -1.5683e+00
1.8233e-03 7.3076e+03 -1.5679e+00
1.8360e-03 7.2288e+03 -1.5675e+00
1.8487e-03 7.1509e+03 -1.5671e+00
1.8616e-03 7.0738e+03 -1.5667e+00
1.8745e-03 6.9976e+03 -1.5663e+00
1.8875e-03 6.9222e+03 -1.5659e+00
1.9006e-03 6.8477e+03 -1.5655e+00
1.9138e-03 6.7740e+03 -1.5651e+00
1.9270e-03 6.7011e+03 -1.5647e+00
1.9404e-03 6.6289e+03 -1.5643e+00
1.9539e-03 6.5576e+03 -1.5640e+00
1.9674e-03 6.4871e+03 -1.5636e+00
1.9811e-03 6.4173e+03 -1.5632e+00
1.9948e-03 6.3483e+03 -1.5628e+00
2.0087e-03 6.2801e+03 -1.5624e+00
2.0226e-03 6.2126e+03 -1.5620e+00
2.0367e-03 6.1459e+03 -1.5617e+00
2.0508e-03 6.0799e+03 -1.5613e+00
2.0650e-03 6.0146e+03 -1.5609e+00
2.0794e-03 5.9500e+03 -1.5606e+00
2.0938e-03 5.8861e+03 -1.5602e+00
2.1083e-03 5.8230e+03 -1.5598e+00
2.1230e-03 5.7605e+03 -1.5595e+00
2.1377e-03 5.6987e+03 -1.5591e+00
2.1525e-03 5.6376e+03 -1.5587e+00
2.1675e-03 5.5772e+03 -1.5584e+00
2.1825e-03 5.5174e+03 -1.5580e+00
2.1976e-03 5.4583e+03 -1.5577e+00
2.2129e-03 5.3998e+03 -1.5573e+00
2.2283e-03 5.3420e+03 -1.5570e+00
2.2437e-03 5.2848e+03 -1.5566e+00
2.2593e-03 5.2282e+03 -1.5563e+00
2.2750e-03 5.1722e+03 -1.5559e+00
2.2908e-03 5.1169e+03 -1.5556e+00
2.3067e-03 5.0621e+03 -1.5553e+00
2.3227e-03 5.0080e+03 -1.5549e+00
2.3388e-03 4.9544e+03 -1.5546e+00
2.3550e-03 4.9014e+03 -1.5542e+00
2.3713e-03 4.8491e+03 -1.5539e+00
2.3878e-03 4.7972e+03 -1.5536e+00
2.4044e-03 4.7460e+03 -1.5532e+00
2.4211e-03 4.6953e+03 -1.5529e+00
2.4379e-03 4.6451e+03 -1.5526e+00
2.4548e-03 4.5955e+03 -1.5523e+00
2.4718e-03 4.5464e+03 -1.5519e+00
2.4890e-03 4.4979e+03 -1.5516e+00
2.5062e-03 4.4499e+03 -1.5513e+00
2.5236e-03 4.4024e+03 -1.5510e+00
2.5411e-03 4.3555e+03 -1.5507e+00
2.5588e-03 4.3090e+03 -1.5504e+00
2.5765e-03 4.2631e+03 -1.5500e+00
2.5944e-03 4.2176e+03 -1.5497e+00
2.6124e-03 4.1727e+03 -1.5494e+00
2.6306e-03 4.1282e+03 -1.5491e+00
2.6488e-03 4.0842e+03 -1.5488e+00
2.6672e-03 4.0407e+03 -1.5485e+00
2.6857e-03 3.9977e+03 -1.5482e+00
2.7043e-03 3.9551e+03 -1.5479e+00
2.7231e-03 3.9130e+03 -1.5476e+00
2.7420e-03 3.8713e+03 -1.5473e+00
2.7610e-03 3.8301e+03 -1.5470e+00
2.7802e-03 3.7894e+03 -1.5467e+00
2.7995e-03 3.7491e+03 -1.5464e+00
2.8189e-03 3.7092e+03 -1.5461e+00
2.8385e-03 3.6697e+03 -1.5458e+00
2.8582e-03 3.6307e+03 -1.5456e+00
2.8780e-03 3.5921e+03 -1.5453e+00
2.8980e-03 3.5539e+03 -1.5450e+00
2.9181e-03 3.5162e+03 -1.5447e+00
2.9383e-03 3.4788e+03 -1.5444e+00
2.9587e-03 3.4419e+03 -1.5441e+00
2.9793e-03 3.4053e+03 -1.5439e+00
2.9999e-03 3.3691e+03 -1.5436e+00
3.0208e-03 3.3334e+03 -1.5433e+00
3.0417e-03 3.2980e+03 -1.5430e+00
3.0628e-03 3.2630e+03 -1.5428e+00
3.0841e-03 3.2284e+03 -1.5425e+00
3.1055e-03 3.1941e+03 -1.5422e+00
3.1270e-03 3.1602e+03 -1.5420e+00
3.1487e-03 3.1267e+03 -1.5417e+00
3.1706e-03 3.0935e+03 -1.5414e+00
3.1926e-03 3.0607e+03 -1.5412e+00
3.2147e-03 3.0283e+03 -1.5409e+00
3.2371e-03 2.9962e+03 -1.5407e+00
3.2595e-03 2.9645e+03 -1.5404e+00
3.2821e-03 2.9330e+03 -1.5401e+00
3.3049e-03 2.9020e+03 -1.5399e+00
3.3279e-03 2.8712e+03 -1.5396e+00
3.3509e-03 2.8408e+03 -1.5394e+00
3.3742e-03 2.8107e+03 -1.5391e+00
3.3976e-03 2.7810e+03 -1.5389e+00
3.4212e-03 2.7516e+03 -1.5386e+00
3.4449e-03 2.7224e+03 -1.5384e+00
3.4688e-03 2.6936e+03 -1.5382e+00
3.4929e-03 2.6651e+03 -1.5379e+00
3.5172e-03 2.6369e+03 -1.5377e+00
3.5416e-03 2.6090e+03 -1.5374e+00
3.5661e-03 2.5814e+03 -1.5372e+00
3.5909e-03 2.5542e+03 -1.5370e+00
3.6158e-03 2.5272e+03 -1.5367e+00
3.6409e-03 2.5004e+03 -1.5365e+00
3.6662e-03 2.4740e+03 -1.5362e+00
3.6916e-03 2.4479e+03 -1.5360e+00
3.7172e-03 2.4220e+03 -1.5358e+00
3.7430e-03 2.3964e+03 -1.5356e+00
3.7690e-03 2.3711e+03 -1.5353e+00
3.7952e-03 2.3461e+03 -1.5351e+00
3.8215e-03 2.3213e+03 -1.5349e+00
3.8480e-03 2.2968e+03 -1.5347e+00
3.8747e-03 2.2725e+03 -1.5344e+00
3.9016e-03 2.2486e+03 -1.5342e+00
3.9287e-03 2.2248e+03 -1.5340e+00
3.9559e-03 2.2013e+03 -1.5338e+00
3.9834e-03 2.1781e+03 -1.5336e+00
4.0110e-03 2.1551e+03 -1.5333e+00
4.0389e-03 2.1324e+03 -1.5331e+00
4.0669e-03 2.1099e+03 -1.5329e+00
4.0951e-03 2.0877e+03 -1.5327e+00
4.1235e-03 2.0657e+03 -1.5325e+00
4.1522e-03 2.0439e+03 -1.5323e+00
4.1810e-03 2.0224e+03 -1.5321e+00
4.2100e-03 2.0010e+03 -1.5319e+00
4.2392e-03 1.9800e+03 -1.5317e+00
4.2686e-03 1.9591e+03 -1.5315e+00
4.2982e-03 1.9385e+03 -1.5313e+00
4.3281e-03 1.9180e+03 -1.5310e+00
4.3581e-03 1.8978e+03 -1.5308e+00
4.3884e-03 1.8779e+03 -1.5306e+00
4.4188e-03 1.8581e+03 -1.5305e+00
4.4495e-03 1.8385e+03 -1.5303e+00
4.4803e-03 1.8192e+03 -1.5301e+00
4.5114e-03 1.8000e+03 -1.5299e+00
4.5427e-03 1.7811e+03 -1.5297e+00
4.5743e-03 1.7623e+03 -1.5295e+00
4.6060e-03 1.7438e+03 -1.5293e+00
4.6380e-03 1.7255e+03 -1.5291e+00
4.6702e-03 1.7073e+03 -1.5289e+00
4.7026e-03 1.6893e+03 -1.5287e+00
4.7352e-03 1.6716e+03 -1.5285e+00
4.7681e-03 1.6540e+03 -1.5283e+00
4.8012e-03 1.6366e+03 -1.5282e+00
4.8345e-03 1.6194e+03 -1.5280e+00
4.8680e-03 1.6024e+03 -1.5278e+00
4.9018e-03 1.5856e+03 -1.5276e+00
4.9358e-03 1.5689e+03 -1.5274e+00
4.9701e-03 1.5524e+03 -1.5273e+00
5.0046e-03 1.5361e+03 -1.5271e+00
5.0393e-03 1.5200e+03 -1.5269e+00
5.0743e-03 1.5040e+03 -1.5267e+00
5.1095e-03 1.4882e+03 -1.5266e+00
5.1449e-03 1.4726e+03 -1.5264e+00
5.1806e-03 1.4571e+03 -1.5262e+00
5.2166e-03 1.4418e+03 -1.5260e+00
5.2528e-03 1.4267e+03 -1.5259e+00
5.2893e-03 1.4117e+03 -1.5257e+00
5.3260e-03 1.3969e+03 -1.5255e+00
5.3629e-03 1.3822e+03 -1.5254e+00
5.4001e-03 1.3677e+03 -1.5252e+00
5.4376e-03 1.3534e+03 -1.5250e+00
5.4753e-03 1.3392e+03 -1.5249e+00
5.5133e-03 1.3251e+03 -1.5247e+00
5.5516e-03 1.3112e+03 -1.5245e+00
5.5901e-03 1.2975e+03 -1.5244e+00
5.6289e-03 1.2839e+03 -1.5242e+00
5.6680e-03 1.2704e+03 -1.5241e+00
5.7073e-03 1.2571e+03 -1.5239e+00
5.7469e-03 1.2439e+03 -1.5237e+00
5.7868e-03 1.2309e+03 -1.5236e+00
5.8270e-03 1.2180e+03 -1.5234e+00
5.8674e-03 1.2052e+03 -1.5233e+00
5.9081e-03 1.1926e+03 -1.5231e+00
5.9491e-03 1.1801e+03 -1.5230e+00
5.9904e-03 1.1677e+03 -1.5228e+00
6.0320e-03 1.1555e+03 -1.5227e+00
6.0738e-03 1.1434e+03 -1.5225e+00
6.1160e-03 1.1314e+03 -1.5224e+00
6.1584e-03 1.1196e+03 -1.5222e+00
6.2012e-03 1.1078e+03 -1.5221e+00
6.2442e-03 1.0962e+03 -1.5219e+00
6.2875e-03 1.0848e+03 -1.5218e+00
6.3312e-03 1.0734e+03 -1.5217e+00
6.3751e-03 1.0622e+03 -1.5215e+00
6.4193e-03 1.0511e+03 -1.5214e+00
6.4639e-03 1.0401e+03 -1.5212e+00
6.5087e-03 1.0292e+03 -1.5211e+00
6.5539e-03 1.0184e+03 -1.5209e+00
6.5994e-03 1.0077e+03 -1.5208e+00
6.6452e-03 9.9720e+02 -1.5207e+00
6.6913e-03 9.8677e+02 -1.5205e+00
6.7377e-03 9.7645e+02 -1.5204e+00
6.7845e-03 9.6624e+02 -1.5203e+00
6.8316e-03 9.5613e+02 -1.5201e+00
6.8790e-03 9.4613e+02 -1.5200e+00
6.9267e-03 9.3624e+02 -1.5199e+00
6.9748e-03 9.2645e+02 -1.5197e+00
7.0232e-03 9.1677e+02 -1.5196e+00
7.0719e-03 9.0718e+02 -1.5195e+00
7.1210e-03 8.9770e+02 -1.5193e+00
7.1704e-03 8.8832e+02 -1.5192e+00
7.2202e-03 8.7903e+02 -1.5191e+00
7.2703e-03 8.6985e+02 -1.5190e+00
7.3208e-03 8.6076e+02 -1.5188e+00
7.3716e-03 8.5177e+02 -1.5187e+00
7.4227e-03 8.4287e+02 -1.5186e+00
7.4742e-03 8.3406e+02 -1.5185e+00
7.5261e-03 8.2535e+02 -1.5183e+00
7.5783e-03 8.1673e+02 -1.5182e+00
7.6309e-03 8.0820e+02 -1.5181e+00
7.6839e-03 7.9976e+02 -1.5180e+00
7.7372e-03 7.9141e+02 -1.5179e+00
7.7909e-03 7.8314e+02 -1.5177e+00
7.8450e-03 7.7497e+02 -1.5176e+00
7.8994e-03 7.6688e+02 -1.5175e+00
7.9542e-03 7.5887e+02 -1.5174e+00
8.0094e-03 7.5095e+02 -1.5173e+00
8.0650e-03 7.4311e+02 -1.5172e+00
8.1210e-03 7.3535e+02 -1.5170e+00
8.1773e-03 7.2768e+02 -1.5169e+00
8.2341e-03 7.2009e+02 -1.5168e+00
8.2912e-03 7.1257e+02 -1.5167e+00
8.3487e-03 7.0514e+02 -1.5166e+00
8.4067e-03 6.9778e+02 -1.5165e+00
8.4650e-03 6.9050e+02 -1.5164e+00
8.5238e-03 6.8330e+02 -1.5163e+00
8.5829e-03 6.7617e+02 -1.5162e+00
8.6425e-03 6.6912e+02 -1.5160e+00
8.7025e-03 6.6214e+02 -1.5159e+00
8.7628e-03 6.5524e+02 -1.5158e+00
8.8237e-03 6.4840e+02 -1.5157e+00
8.8849e-03 6.4164e+02 -1.5156e+00
8.9466e-03 6.3495e+02 -1.5155e+00
9.0086e-03 6.2833e+02 -1.5154e+00
9.0712e-03 6.2178e+02 -1.5153e+00
9.1341e-03 6.1530e+02 -1.5152e+00
9.1975e-03 6.0889e+02 -1.5151e+00
9.2613e-03 6.0254e+02 -1.5150e+00
9.3256e-03 5.9626e+02 -1.5149e+00
9.3903e-03 5.9005e+02 -1.5148e+00
9.4555e-03 5.8390e+02 -1.5147e+00
9.5211e-03 5.7781e+02 -1.5146e+00
9.5872e-03 5.7179e+02 -1.5145e+00
9.6537e-03 5.6584e+02 -1.5144e+00
9.7207e-03 5.5994e+02 -1.5143e+00
9.7881e-03 5.5411e+02 -1.5142e+00
9.8561e-03 5.4833e+02 -1.5141e+00
9.9245e-03 5.4262e+02 -1.5140e+00
9.9933e-03 5.3697e+02 -1.5139e+00
1.0063e-02 5.3138e+02 -1.5138e+00
1.0133e-02 5.2584e+02 -1.5138e+00
1.0203e-02 5.2037e+02 -1.5137e+00
1.0274e-02 5.1495e+02 -1.5136e+00
1.0345e-02 5.0959e+02 -1.5135e+00
1.0417e-02 5.0428e+02 -1.5134e+00
1.0489e-02 4.9903e+02 -1.5133e+00
1.0562e-02 4.9384e+02 -1.5132e+00
1.0635e-02 4.8870e+02 -1.5131e+00
1.0709e-02 4.8361e+02 -1.5130e+00
1.0783e-02 4.7858e+02 -1.5129e+00
1.0858e-02 4.7359e+02 -1.5129e+00
1.0933e-02 4.6867e+02 -1.5128e+00
1.1009e-02 4.6379e+02 -1.5127e+00
1.1086e-02 4.5896e+02 -1.5126e+00
1.1163e-02 4.5419e+02 -1.5125e+00
1.1240e-02 4.4946e+02 -1.5124e+00
1.1318e-02 4.4478e+02 -1.5123e+00
1.1397e-02 4.4016e+02 -1.5123e+00
1.1476e-02 4.3558e+02 -1.5122e+00
1.1555e-02 4.3105e+02 -1.5121e+00
1.1636e-02 4.2656e+02 -1.5120e+00
1.1716e-02 4.2212e+02 -1.5119e+00
1.1798e-02 4.1773e+02 -1.5119e+00
1.1879e-02 4.1339e+02 -1.5118e+00
1.1962e-02 4.0909e+02 -1.5117e+00
1.2045e-02 4.0484e+02 -1.5116e+00
1.2128e-02 4.0063e+02 -1.5115e+00
1.2213e-02 3.9646e+02 -1.5115e+00
1.2297e-02 3.9234e+02 -1.5114e+00
1.2383e-02 3.8826e+02 -1.5113e+00
1.2469e-02 3.8422e+02 -1.5112e+00
1.2555e-02 3.8023e+02 -1.5112e+00
1.2642e-02 3.7627e+02 -1.5111e+00
1.2730e-02 3.7236e+02 -1.5110e+00
1.2818e-02 3.6849e+02 -1.5109e+00
1.2907e-02 3.6466e+02 -1.5109e+00
1.2997e-02 3.6087e+02 -1.5108e+00
1.3087e-02 3.5712e+02 -1.5107e+00
1.3178e-02 3.5341e+02 -1.5106e+00
1.3269e-02 3.4974e+02 -1.5106e+00
1.3361e-02 3.4610e+02 -1.5105e+00
1.3454e-02 3.4250e+02 -1.5104e+00
1.3548e-02 3.3895e+02 -1.5104e+00
1.3642e-02 3.3542e+02 -1.5103e+00
1.3736e-02 3.3194e+02 -1.5102e+00
1.3832e-02 3.2849e+02 -1.5101e+00
1.3928e-02 3.2508e+02 -1.5101e+00
1.4024e-02 3.2170e+02 -1.5100e+00
1.4122e-02 3.1836e+02 -1.5099e+00
1.4220e-02 3.1505e+02 -1.5099e+00
1.4318e-02 3.1178e+02 -1.5098e+00
1.4418e-02 3.0854e+02 -1.5097e+00
1.4518e-02 3.0534e+02 -1.5097e+00
1.4618e-02 3.0216e+02 -1.5096e+00
1.4720e-02 2.9903e+02 -1.5095e+00
1.4822e-02 2.9592e+02 -1.5095e+00
1.4925e-02 2.9285e+02 -1.5094e+00
1.5028e-02 2.8981e+02 -1.5094e+00
1.5133e-02 2.8680e+02 -1.5093e+00
1.5238e-02 2.8382e+02 -1.5092e+00
1.5343e-02 2.8087e+02 -1.5092e+00
1.5450e-02 2.7796e+02 -1.5091e+00
1.5557e-02 2.7507e+02 -1.5090e+00
1.5665e-02 2.7222e+02 -1.5090e+00
1.5774e-02 2.6939e+02 -1.5089e+00
1.5883e-02 2.6659e+02 -1.5089e+00
1.5994e-02 2.6383e+02 -1.5088e+00
1.6105e-02 2.6109e+02 -1.5087e+00
1.6216e-02 2.5838e+02 -1.5087e+00
1.6329e-02 2.5570e+02 -1.5086e+00
1.6442e-02 2.5304e+02 -1.5086e+00
1.6556e-02 2.5042e+02 -1.5085e+00
1.6671e-02 2.4782e+02 -1.5084e+00
1.6787e-02 2.4525e+02 -1.5084e+00
1.6903e-02 2.4270e+02 -1.5083e+00
1.7021e-02 2.4018e+02 -1.5083e+00
1.7139e-02 2.3769e+02 -1.5082e+00
1.7258e-02 2.3522e+02 -1.5082e+00
1.7377e-02 2.3278e+02 -1.5081e+00
1.7498e-02 2.3037e+02 -1.5081e+00
1.7619e-02 2.2798e+02 -1.5080e+00
1.7742e-02 2.2561e+02 -1.5079e+00
1.7865e-02 2.2327e+02 -1.5079e+00
1.7989e-02 2.2096e+02 -1.5078e+00
1.8114e-02 2.1866e+02 -1.5078e+00
1.8239e-02 2.1640e+02 -1.5077e+00
1.8366e-02 2.1415e+02 -1.5077e+00
1.8493e-02 2.1193e+02 -1.5076e+00
1.8622e-02 2.0973e+02 -1.5076e+00
1.8751e-02 2.0756e+02 -1.5075e+00
1.8881e-02 2.0540e+02 -1.5075e+00
1.9012e-02 2.0327e+02 -1.5074e+00
1.9144e-02 2.0117e+02 -1.5074e+00
1.9277e-02 1.9908e+02 -1.5073e+00
1.9411e-02 1.9702e+02 -1.5073e+00
1.9545e-02 1.9497e+02 -1.5072e+00
1.9681e-02 1.9295e+02 -1.5072e+00
1.9818e-02 1.9095e+02 -1.5071e+00
1.9955e-02 1.8897e+02 -1.5071e+00
2.0094e-02 1.8701e+02 -1.5070e+00
2.0233e-02 1.8507e+02 -1.5070e+00
2.0373e-02 1.8315e+02 -1.5069e+00
2.0515e-02 1.8125e+02 -1.5069e+00
2.0657e-02 1.7938e+02 -1.5068e+00
2.0801e-02 1.7752e+02 -1.5068e+00
2.0945e-02 1.7568e+02 -1.5067e+00
2.1090e-02 1.7385e+02 -1.5067e+00
2.1237e-02 1.7205e+02 -1.5067e+00
2.1384e-02 1.7027e+02 -1.5066e+00
2.1532e-02 1.6850e+02 -1.5066e+00
2.1682e-02 1.6676e+02 -1.5065e+00
2.1832e-02 1.6503e+02 -1.5065e+00
2.1984e-02 1.6332e+02 -1.5064e+00
2.2136e-02 1.6163e+02 -1.5064e+00
2.2290e-02 1.5995e+02 -1.5063e+00
2.2445e-02 1.5829e+02 -1.5063e+00
2.2600e-02 1.5665e+02 -1.5063e+00
2.2757e-02 1.5503e+02 -1.5062e+00
2.2915e-02 1.5342e+02 -1.5062e+00
2.3074e-02 1.5183e+02 -1.5061e+00
2.3234e-02 1.5026e+02 -1.5061e+00
2.3396e-02 1.4870e+02 -1.5061e+00
2.3558e-02 1.4716e+02 -1.5060e+00
2.3721e-02 1.4564e+02 -1.5060e+00
2.3886e-02 1.4413e+02 -1.5059e+00
2.4052e-02 1.4264e+02 -1.5059e+00
2.4219e-02 1.4116e+02 -1.5058e+00
2.4387e-02 1.3970e+02 -1.5058e+00
2.4556e-02 1.3825e+02 -1.5058e+00
2.4726e-02 1.3682e+02 -1.5057e+00
2.4898e-02 1.3540e+02 -1.5057e+00
2.5071e-02 1.3400e+02 -1.5057e+00
2.5245e-02 1.3261e+02 -1.5056e+00
2.5420e-02 1.3124e+02 -1.5056e+00
2.5596e-02 1.2988e+02 -1.5055e+00
2.5774e-02 1.2853e+02 -1.5055e+00
2.5953e-02 1.2720e+02 -1.5055e+00
2.6133e-02 1.2588e+02 -1.5054e+00
2.6314e-02 1.2458e+02 -1.5054e+00
2.6497e-02 1.2329e+02 -1.5053e+00
2.6681e-02 1.2201e+02 -1.5053e+00
2.6866e-02 1.2075e+02 -1.5053e+00
2.7052e-02 1.1950e+02 -1.5052e+00
2.7240e-02 1.1826e+02 -1.5052e+00
2.7429e-02 1.1704e+02 -1.5052e+00
2.7620e-02 1.1582e+02 -1.5051e+00
2.7811e-02 1.1462e+02 -1.5051e+00
2.8004e-02 1.1344e+02 -1.5051e+00
2.8199e-02 1.1226e+02 -1.5050e+00
2.8394e-02 1.1110e+02 -1.5050e+00
2.8591e-02 1.0995e+02 -1.5050e+00
2.8790e-02 1.0881e+02 -1.5049e+00
2.8989e-02 1.0768e+02 -1.5049e+00
2.9191e-02 1.0657e+02 -1.5049e+00
2.9393e-02 1.0547e+02 -1.5048e+00
2.9597e-02 1.0437e+02 -1.5048e+00
2.9803e-02 1.0329e+02 -1.5048e+00
3.0009e-02 1.0222e+02 -1.5047e+00
3.0218e-02 1.0117e+02 -1.5047e+00
3.0427e-02 1.0012e+02 -1.5047e+00
3.0638e-02 9.9083e+01 -1.5046e+00
3.0851e-02 9.8057e+01 -1.5046e+00
3.1065e-02 9.7042e+01 -1.5046e+00
3.1281e-02 9.6038e+01 -1.5045e+00
3.1498e-02 9.5044e+01 -1.5045e+00
3.1716e-02 9.4060e+01 -1.5045e+00
3.1937e-02 9.3086e+01 -1.5044e+00
3.2158e-02 9.2123e+01 -1.5044e+00
3.2381e-02 9.1169e+01 -1.5044e+00
3.2606e-02 9.0226e+01 -1.5044e+00
3.2832e-02 8.9292e+01 -1.5043e+00
3.3060e-02 8.8368e+01 -1.5043e+00
3.3290e-02 8.7453e+01 -1.5043e+00
3.3521e-02 8.6548e+01 -1.5042e+00
3.3753e-02 8.5653e+01 -1.5042e+00
3.3987e-02 8.4766e+01 -1.5042e+00
3.4223e-02 8.3889e+01 -1.5042e+00
3.4461e-02 8.3021e+01 -1.5041e+00
3.4700e-02 8.2162e+01 -1.5041e+00
3.4941e-02 8.1312e+01 -1.5041e+00
3.5183e-02 8.0470e+01 -1.5040e+00
3.5427e-02 7.9638e+01 -1.5040e+00
3.5673e-02 7.8814e+01 -1.5040e+00
3.5921e-02 7.7998e+01 -1.5040e+00
3.6170e-02 7.7191e+01 -1.5039e+00
3.6421e-02 7.6392e+01 -1.5039e+00
3.6674e-02 7.5602e+01 -1.5039e+00
3.6928e-02 7.4820e+01 -1.5038e+00
3.7185e-02 7.4046e+01 -1.5038e+00
3.7443e-02 7.3280e+01 -1.5038e+00
3.7703e-02 7.2521e+01 -1.5038e+00
3.7964e-02 7.1771e+01 -1.5037e+00
3.8228e-02 7.1029e+01 -1.5037e+00
3.8493e-02 7.0294e+01 -1.5037e+00
3.8760e-02 6.9567e+01 -1.5037e+00
3.9029e-02 6.8847e+01 -1.5036e+00
3.9300e-02 6.8135e+01 -1.5036e+00
3.9573e-02 6.7430e+01 -1.5036e+00
3.9847e-02 6.6732e+01 -1.5036e+00
4.0124e-02 6.6042e+01 -1.5035e+00
4.0402e-02 6.5359e+01 -1.5035e+00
4.0683e-02 6.4683e+01 -1.5035e+00
4.0965e-02 6.4014e+01 -1.5035e+00
4.1249e-02 6.3352e+01 -1.5034e+00
4.1535e-02 6.2696e+01 -1.5034e+00
4.1824e-02 6.2048e+01 -1.5034e+00
4.2114e-02 6.1406e+01 -1.5034e+00
4.2406e-02 6.0771e+01 -1.5034e+00
4.2700e-02 6.0143e+01 -1.5033e+00
4.2997e-02 5.9520e+01 -1.5033e+00
4.3295e-02 5.8905e+01 -1.5033e+00
4.3596e-02 5.8296e+01 -1.5033e+00
4.3898e-02 5.7693e+01 -1.5032e+00
4.4203e-02 5.7096e+01 -1.5032e+00
4.4510e-02 5.6506e+01 -1.5032e+00
4.4818e-02 5.5921e+01 -1.5032e+00
4.5129e-02 5.5343e+01 -1.5032e+00
4.5443e-02 5.4771e+01 -1.5031e+00
4.5758e-02 5.4204e+01 -1.5031e+00
4.6076e-02 5.3644e+01 -1.5031e+00
4.6395e-02 5.3089e+01 -1.5031e+00
4.6717e-02 5.2540e+01 -1.5030e+00
4.7041e-02 5.1997e+01 -1.5030e+00
4.7368e-02 5.1459e+01 -1.5030e+00
4.7697e-02 5.0927e+01 -1.5030e+00
4.8028e-02 5.0400e+01 -1.5030e+00
4.8361e-02 4.9879e+01 -1.5029e+00
4.8697e-02 4.9363e+01 -1.5029e+00
4.9034e-02 4.8853e+01 -1.5029e+00
4.9375e-02 4.8348e+01 -1.5029e+00
4.9717e-02 4.7848e+01 -1.5029e+00
5.0062e-02 4.7353e+01 -1.5028e+00
5.0410e-02 4.6864e+01 -1.5028e+00
5.0760e-02 4.6379e+01 -1.5028e+00
5.1112e-02 4.5900e+01 -1.5028e+00
5.1467e-02 4.5425e+01 -1.5028e+00
5.1824e-02 4.4955e+01 -1.5027e+00
5.2183e-02 4.4491e+01 -1.5027e+00
5.2546e-02 4.4031e+01 -1.5027e+00
5.2910e-02 4.3576e+01 -1.5027e+00
5.3277e-02 4.3125e+01 -1.5027e+00
5.3647e-02 4.2679e+01 -1.5027e+00
5.4019e-02 4.2238e+01 -1.5026e+00
5.4394e-02 4.1801e+01 -1.5026e+00
5.4772e-02 4.1369e+01 -1.5026e+00
5.5152e-02 4.0942e+01 -1.5026e+00
5.5535e-02 4.0518e+01 -1.5026e+00
5.5920e-02 4.0099e+01 -1.5025e+00
5.6308e-02 3.9685e+01 -1.5025e+00
5.6699e-02 3.9275e+01 -1.5025e+00
5.7092e-02 3.8869e+01 -1.5025e+00
5.7488e-02 3.8467e+01 -1.5025e+00
5.7887e-02 3.8069e+01 -1.5025e+00
5.8289e-02 3.7676e+01 -1.5024e+00
5.8694e-02 3.7286e+01 -1.5024e+00
5.9101e-02 3.6901e+01 -1.5024e+00
5.9511e-02 3.6520e+01 -1.5024e+00
5.9924e-02 3.6142e+01 -1.5024e+00
6.0340e-02 3.5768e+01 -1.5024e+00
6.0759e-02 3.5399e+01 -1.5023e+00
6.1180e-02 3.5033e+01 -1.5023e+00
6.1605e-02 3.4671e+01 -1.5023e+00
6.2032e-02 3.4312e+01 -1.5023e+00
6.2463e-02 3.3958e+01 -1.5023e+00
6.2896e-02 3.3607e+01 -1.5023e+00
6.3333e-02 3.3260e+01 -1.5023e+00
6.3772e-02 3.2916e+01 -1.5022e+00
6.4215e-02 3.2576e+01 -1.5022e+00
6.4660e-02 3.2239e+01 -1.5022e+00
6.5109e-02 3.1906e+01 -1.5022e+00
6.5561e-02 3.1576e+01 -1.5022e+00
6.6016e-02 3.1250e+01 -1.5022e+00
6.6474e-02 3.0927e+01 -1.5021e+00
6.6935e-02 3.0607e+01 -1.5021e+00
6.7400e-02 3.0291e+01 -1.5021e+00
6.7868e-02 2.9978e+01 -1.5021e+00
6.8339e-02 2.9668e+01 -1.5021e+00
6.8813e-02 2.9361e+01 -1.5021e+00
6.9290e-02 2.9058e+01 -1.5021e+00
6.9771e-02 2.8758e+01 -1.5020e+00
7.0255e-02 2.8460e+01 -1.5020e+00
7.0743e-02 2.8166e+01 -1.5020e+00
7.1234e-02 2.7875e+01 -1.5020e+00
7.1728e-02 2.7587e+01 -1.5020e+00
7.2226e-02 2.7302e+01 -1.5020e+00
7.2727e-02 2.7020e+01 -1.5020e+00
7.3232e-02 2.6741e+01 -1.5019e+00
7.3740e-02 2.6465e+01 -1.5019e+00
7.4252e-02 2.6191e+01 -1.5019e+00
7.4767e-02 2.5920e+01 -1.5019e+00
7.5286e-02 2.5653e+01 -1.5019e+00
7.5808e-02 2.5388e+01 -1.5019e+00
7.6335e-02 2.5125e+01 -1.5019e+00
7.6864e-02 2.4866e+01 -1.5019e+00
7.7398e-02 2.4609e+01 -1.5018e+00
7.7935e-02 2.4354e+01 -1.5018e+00
7.8476e-02 2.4103e+01 -1.5018e+00
7.9020e-02 2.3854e+01 -1.5018e+00
7.9569e-02 2.3607e+01 -1.5018e+00
8.0121e-02 2.3363e+01 -1.5018e+00
8.0677e-02 2.3122e+01 -1.5018e+00
8.1237e-02 2.2883e+01 -1.5017e+00
8.1800e-02 2.2647e+01 -1.5017e+00
8.2368e-02 2.2413e+01 -1.5017e+00
8.2940e-02 2.2181e+01 -1.5017e+00
8.3515e-02 2.1952e+01 -1.5017e+00
8.4095e-02 2.1725e+01 -1.5017e+00
8.4678e-02 2.1501e+01 -1.5017e+00
8.5266e-02 2.1279e+01 -1.5017e+00
8.5858e-02 2.1059e+01 -1.5017e+00
8.6454e-02 2.0841e+01 -1.5016e+00
8.7054e-02 2.0626e+01 -1.5016e+00
8.7658e-02 2.0413e+01 -1.5016e+00
8.8266e-02 2.0202e+01 -1.5016e+00
8.8879e-02 1.9993e+01 -1.5016e+00
8.9495e-02 1.9787e+01 -1.5016e+00
9.0116e-02 1.9582e+01 -1.5016e+00
9.0742e-02 1.9380e+01 -1.5016e+00
9.1371e-02 1.9180e+01 -1.5015e+00
9.2006e-02 1.8982e+01 -1.5015e+00
9.2644e-02 1.8786e+01 -1.5015e+00
9.3287e-02 1.8591e+01 -1.5015e+00
9.3934e-02 1.8399e+01 -1.5015e+00
9.4586e-02 1.8209e+01 -1.5015e+00
9.5243e-02 1.8021e+01 -1.5015e+00
9.5904e-02 1.7835e+01 -1.5015e+00
9.6569e-02 1.7651e+01 -1.5015e+00
9.7239e-02 1.7469e+01 -1.5014e+00
9.7914e-02 1.7288e+01 -1.5014e+00
9.8594e-02 1.7110e+01 -1.5014e+00
9.9278e-02 1.6933e+01 -1.5014e+00
9.9967e-02 1.6758e+01 -1.5014e+00
1.0066e-01 1.6585e+01 -1.5014e+00
1.0136e-01 1.6413e+01 -1.5014e+00
1.0206e-01 1.6244e+01 -1.5014e+00
1.0277e-01 1.6076e+01 -1.5014e+00
1.0348e-01 1.5910e+01 -1.5013e+00
1.0420e-01 1.5746e+01 -1.5013e+00
1.0493e-01 1.5583e+01 -1.5013e+00
1.0565e-01 1.5422e+01 -1.5013e+00
1.0639e-01 1.5263e+01 -1.5013e+00
1.0712e-01 1.5105e+01 -1.5013e+00
1.0787e-01 1.4949e+01 -1.5013e+00
1.0862e-01 1.4795e+01 -1.5013e+00
1.0937e-01 1.4642e+01 -1.5013e+00
1.1013e-01 1.4491e+01 -1.5012e+00
1.1089e-01 1.4341e+01 -1.5012e+00
1.1166e-01 1.4193e+01 -1.5012e+00
1.1244e-01 1.4046e+01 -1.5012e+00
1.1322e-01 1.3901e+01 -1.5012e+00
1.1400e-01 1.3758e+01 -1.5012e+00
1.1480e-01 1.3616e+01 -1.5012e+00
1.1559e-01 1.3475e+01 -1.5012e+00
1.1639e-01 1.3336e+01 -1.5012e+00
1.1720e-01 1.3198e+01 -1.5011e+00
1.1802e-01 1.3062e+01 -1.5011e+00
1.1883e-01 1.2927e+01 -1.5011e+00
1.1966e-01 1.2793e+01 -1.5011e+00
1.2049e-01 1.2661e+01 -1.5011e+00
1.2133e-01 1.2531e+01 -1.5011e+00
1.2217e-01 1.2401e+01 -1.5011e+00
1.2302e-01 1.2273e+01 -1.5011e+00
1.2387e-01 1.2146e+01 -1.5011e+00
1.2473e-01 1.2021e+01 -1.5010e+00
1.2559e-01 1.1897e+01 -1.5010e+00
1.2647e-01 1.1774e+01 -1.5010e+00
1.2734e-01 1.1652e+01 -1.5010e+00
1.2823e-01 1.1532e+01 -1.5010e+00
1.2912e-01 1.1413e+01 -1.5010e+00
1.3001e-01 1.1295e+01 -1.5010e+00
1.3091e-01 1.1178e+01 -1.5010e+00
1.3182e-01 1.1063e+01 -1.5009e+00
1.3274e-01 1.0949e+01 -1.5009e+00
1.3366e-01 1.0836e+01 -1.5009e+00
1.3459e-01 1.0724e+01 -1.5009e+00
1.3552e-01 1.0613e+01 -1.5009e+00
1.3646e-01 1.0503e+01 -1.5009e+00
1.3741e-01 1.0395e+01 -1.5009e+00
1.3836e-01 1.0288e+01 -1.5008e+00
1.3932e-01 1.0181e+01 -1.5008e+00
1.4029e-01 1.0076e+01 -1.5008e+00
1.4126e-01 9.9723e+00 -1.5008e+00
1.4224e-01 9.8693e+00 -1.5008e+00
1.4323e-01 9.7674e+00 -1.5008e+00
1.4422e-01 9.6665e+00 -1.5007e+00
1.4522e-01 9.5667e+00 -1.5007e+00
1.4623e-01 9.4680e+00 -1.5007e+00
1.4725e-01 9.3702e+00 -1.5007e+00
1.4827e-01 9.2735e+00 -1.5007e+00
1.4930e-01 9.1777e+00 -1.5007e+00
1.5033e-01 9.0830e+00 -1.5006e+00
1.5138e-01 8.9892e+00 -1.5006e+00
1.5243e-01 8.8964e+00 -1.5006e+00
1.5349e-01 8.8045e+00 -1.5006e+00
1.5455e-01 8.7136e+00 -1.5005e+00
1.5562e-01 8.6237e+00 -1.5005e+00
1.5670e-01 8.5347e+00 -1.5005e+00
1.5779e-01 8.4466e+00 -1.5005e+00
1.5889e-01 8.3594e+00 -1.5005e+00
1.5999e-01 8.2731e+00 -1.5004e+00
1.6110e-01 8.1877e+00 -1.5004e+00
1.6222e-01 8.1032e+00 -1.5004e+00
1.6334e-01 8.0195e+00 -1.5004e+00
1.6448e-01 7.9367e+00 -1.5003e+00
1.6562e-01 7.8548e+00 -1.5003e+00
1.6677e-01 7.7737e+00 -1.5003e+00
1.6792e-01 7.6935e+00 -1.5002e+00
1.6909e-01 7.6141e+00 -1.5002e+00
1.7026e-01 7.5355e+00 -1.5002e+00
1.7144e-01 7.4577e+00 -1.5001e+00
1.7263e-01 7.3808e+00 -1.5001e+00
1.7383e-01 7.3046e+00 -1.5001e+00
1.7504e-01 7.2292e+00 -1.5000e+00
1.7625e-01 7.1546e+00 -1.5000e+00
1.7748e-01 7.0808e+00 -1.4999e+00
1.7871e-01 7.0077e+00 -1.4999e+00
1.7995e-01 6.9354e+00 -1.4999e+00
1.8120e-01 6.8638e+00 -1.4998e+00
1.8245e-01 6.7930e+00 -1.4998e+00
1.8372e-01 6.7229e+00 -1.4997e+00
1.8500e-01 6.6535e+00 -1.4997e+00
1.8628e-01 6.5849e+00 -1.4996e+00
1.8757e-01 6.5169e+00 -1.4996e+00
1.8887e-01 6.4497e+00 -1.4995e+00
1.9018e-01 6.3832e+00 -1.4994e+00
1.9150e-01 6.3173e+00 -1.4994e+00
1.9283e-01 6.2522e+00 -1.4993e+00
1.9417e-01 6.1877e+00 -1.4993e+00
1.9552e-01 6.1238e+00 -1.4992e+00
1.9688e-01 6.0607e+00 -1.4991e+00
1.9824e-01 5.9982e+00 -1.4991e+00
1.9962e-01 5.9363e+00 -1.4990e+00
2.0100e-01 5.8751e+00 -1.4989e+00
2.0240e-01 5.8145e+00 -1.4988e+00
2.0380e-01 5.7546e+00 -1.4987e+00
2.0522e-01 5.6952e+00 -1.4986e+00
2.0664e-01 5.6365e+00 -1.4986e+00
2.0807e-01 5.5784e+00 -1.4985e+00
2.0952e-01 5.5209e+00 -1.4984e+00
2.1097e-01 5.4640e+00 -1.4983e+00
2.1244e-01 5.4077e+00 -1.4981e+00
2.1391e-01 5.3519e+00 -1.4980e+00
2.1540e-01 5.2968e+00 -1.4979e+00
2.1689e-01 5.2422e+00 -1.4978e+00
2.1840e-01 5.1882e+00 -1.4977e+00
2.1991e-01 5.1347e+00 -1.4975e+00
2.2144e-01 5.0818e+00 -1.4974e+00
2.2297e-01 5.0295e+00 -1.4973e+00
2.2452e-01 4.9776e+00 -1.4971e+00
2.2608e-01 4.9264e+00 -1.4970e+00
2.2765e-01 4.8756e+00 -1.4968e+00
2.2923e-01 4.8254e+00 -1.4966e+00
2.3082e-01 4.7758e+00 -1.4965e+00
2.3242e-01 4.7266e+00 -1.4963e+00
2.3403e-01 4.6779e+00 -1.4961e+00
2.3566e-01 4.6298e+00 -1.4959e+00
2.3729e-01 4.5821e+00 -1.4957e+00
2.3894e-01 4.5350e+00 -1.4955e+00
2.4060e-01 4.4883e+00 -1.4953e+00
2.4227e-01 4.4422e+00 -1.4950e+00
2.4395e-01 4.3965e+00 -1.4948e+00
2.4564e-01 4.3513e+00 -1.4946e+00
2.4735e-01 4.3065e+00 -1.4943e+00
2.4906e-01 4.2623e+00 -1.4940e+00
2.5079e-01 4.2184e+00 -1.4938e+00
2.5253e-01 4.1751e+00 -1.4935e+00
2.5428e-01 4.1322e+00 -1.4932e+00
2.5605e-01 4.0898e+00 -1.4929e+00
2.5783e-01 4.0478e+00 -1.4925e+00
2.5961e-01 4.0062e+00 -1.4922e+00
2.6142e-01 3.9651e+00 -1.4918e+00
2.6323e-01 3.9244e+00 -1.4915e+00
2.6506e-01 3.8841e+00 -1.4911e+00
2.6690e-01 3.8443e+00 -1.4907e+00
2.6875e-01 3.8048e+00 -1.4903e+00
2.7061e-01 3.7658e+00 -1.4898e+00
2.7249e-01 3.7272e+00 -1.4894e+00
2.7438e-01 3.6891e+00 -1.4889e+00
2.7629e-01 3.6513e+00 -1.4884e+00
2.7820e-01 3.6139e+00 -1.4879e+00
2.8014e-01 3.5769e+00 -1.4874e+00
2.8208e-01 3.5403e+00 -1.4868e+00
2.8404e-01 3.5041e+00 -1.4862e+00
2.8601e-01 3.4683e+00 -1.4856e+00
2.8799e-01 3.4328e+00 -1.4850e+00
2.8999e-01 3.3978e+00 -1.4844e+00
2.9200e-01 3.3631e+00 -1.4837e+00
2.9403e-01 3.3287e+00 -1.4830e+00
2.9607e-01 3.2948e+00 -1.4823e+00
2.9813e-01 3.2612e+00 -1.4815e+00
3.0019e-01 3.2280e+00 -1.4807e+00
3.0228e-01 3.1951e+00 -1.4799e+00
3.0437e-01 3.1626e+00 -1.4790e+00
3.0649e-01 3.1304e+00 -1.4781e+00
3.0861e-01 3.0986e+00 -1.4772e+00
3.1076e-01 3.0671e+00 -1.4762e+00
3.1291e-01 3.0359e+00 -1.4752e+00
3.1508e-01 3.0051e+00 -1.4742e+00
3.1727e-01 2.9747e+00 -1.4731e+00
3.1947e-01 2.9445e+00 -1.4720e+00
3.2169e-01 2.9147e+00 -1.4708e+00
3.2392e-01 2.8852e+00 -1.4696e+00
3.2617e-01 2.8561e+00 -1.4683e+00
3.2843e-01 2.8272e+00 -1.4670e+00
3.3071e-01 2.7987e+00 -1.4656e+00
3.3301e-01 2.7705e+00 -1.4642e+00
3.3532e-01 2.7426e+00 -1.4627e+00
3.3764e-01 2.7150e+00 -1.4612e+00
3.3999e-01 2.6877e+00 -1.4596e+00
3.4235e-01 2.6607e+00 -1.4579e+00
3.4472e-01 2.6341e+00 -1.4562e+00
3.4712e-01 2.6077e+00 -1.4544e+00
3.4952e-01 2.5816e+00 -1.4525e+00
3.5195e-01 2.5558e+00 -1.4506e+00
3.5439e-01 2.5303e+00 -1.4486e+00
3.5685e-01 2.5051e+00 -1.4465e+00
3.5933e-01 2.4802e+00 -1.4444e+00
3.6182e-01 2.4556e+00 -1.4421e+00
3.6433e-01 2.4312e+00 -1.4398e+00
3.6686e-01 2.4072e+00 -1.4374e+00
3.6941e-01 2.3834e+00 -1.4349e+00
3.7197e-01 2.3599e+00 -1.4323e+00
3.7455e-01 2.3366e+00 -1.4296e+00
3.7715e-01 2.3137e+00 -1.4268e+00
3.7977e-01 2.2910e+00 -1.4239e+00
3.8240e-01 2.2685e+00 -1.4209e+00
3.8506e-01 2.2464e+00 -1.4178e+00
3.8773e-01 2.2245e+00 -1.4146e+00
3.9042e-01 2.2028e+00 -1.4113e+00
3.9313e-01 2.1815e+00 -1.4079e+00
3.9586e-01 2.1604e+00 -1.4043e+00
3.9861e-01 2.1395e+00 -1.4006e+00
4.0137e-01 2.1189e+00 -1.3968e+00
4.0416e-01 2.0986e+00 -1.3929e+00
4.0696e-01 2.0785e+00 -1.3889e+00
4.0979e-01 2.0586e+00 -1.3847e+00
4.1263e-01 2.0391e+00 -1.3803e+00
4.1549e-01 2.0197e+00 -1.3759e+00
4.1838e-01 2.0006e+00 -1.3712e+00
4.2128e-01 1.9818e+00 -1.3665e+00
4.2420e-01 1.9632e+00 -1.3616e+00
4.2715e-01 1.9448e+00 -1.3565e+00
4.3011e-01 1.9267e+00 -1.3513e+00
4.3310e-01 1.9088e+00 -1.3459e+00
4.3610e-01 1.8911e+00 -1.3404e+00
4.3913e-01 1.8737e+00 -1.3347e+00
4.4218e-01 1.8566e+00 -1.3288e+00
4.4524e-01 1.8396e+00 -1.3228e+00
4.4833e-01 1.8229e+00 -1.3166e+00
4.5144e-01 1.8064e+00 -1.3102e+00
4.5458e-01 1.7902e+00 -1.3037e+00
4.5773e-01 1.7741e+00 -1.2970e+00
4.6091e-01 1.7583e+00 -1.2901e+00
4.6411e-01 1.7428e+00 -1.2830e+00
4.6733e-01 1.7274e+00 -1.2758e+00
4.7057e-01 1.7123e+00 -1.2683e+00
4.7384e-01 1.6974e+00 -1.2607e+00
4.7713e-01 1.6827e+00 -1.2530e+00
4.8044e-01 1.6682e+00 -1.2450e+00
4.8377e-01 1.6540e+00 -1.2369e+00
4.8713e-01 1.6399e+00 -1.2286e+00
4.9051e-01 1.6261e+00 -1.2201e+00
4.9391e-01 1.6125e+00 -1.2114e+00
4.9734e-01 1.5991e+00 -1.2026e+00
5.0079e-01 1.5859e+00 -1.1936e+00
5.0427e-01 1.5729e+00 -1.1844e+00
5.0777e-01 1.5601e+00 -1.1750e+00
5.1129e-01 1.5475e+00 -1.1655e+00
5.1484e-01 1.5352e+00 -1.1559e+00
5.1841e-01 1.5230e+00 -1.1460e+00
5.2201e-01 1.5110e+00 -1.1361e+00
5.2563e-01 1.4992e+00 -1.1259e+00
5.2928e-01 1.4877e+00 -1.1156e+00
5.3295e-01 1.4763e+00 -1.1052e+00
5.3665e-01 1.4651e+00 -1.0947e+00
5.4037e-01 1.4541e+00 -1.0840e+00
5.4412e-01 1.4433e+00 -1.0732e+00
5.4790e-01 1.4327e+00 -1.0622e+00
5.5170e-01 1.4222e+00 -1.0512e+00
5.5553e-01 1.4120e+00 -1.0400e+00
5.5939e-01 1.4019e+00 -1.0288e+00
5.6327e-01 1.3921e+00 -1.0174e+00
5.6718e-01 1.3823e+00 -1.0060e+00
5.7111e-01 1.3728e+00 -9.9442e-01
5.7508e-01 1.3635e+00 -9.8281e-01
5.7907e-01 1.3543e+00 -9.7114e-01
5.8309e-01 1.3453e+00 -9.5940e-01
5.8713e-01 1.3364e+00 -9.4760e-01
5.9121e-01 1.3278e+00 -9.3576e-01
5.9531e-01 1.3192e+00 -9.2388e-01
5.9944e-01 1.3109e+00 -9.1196e-01
6.0360e-01 1.3027e+00 -9.0002e-01
6.0779e-01 1.2947e+00 -8.8805e-01
6.1201e-01 1.2868e+00 -8.7608e-01
6.1625e-01 1.2791e+00 -8.6410e-01
6.2053e-01 1.2715e+00 -8.5211e-01
6.2484e-01 1.2641e+00 -8.4014e-01
6.2917e-01 1.2568e+00 -8.2818e-01
6.3354e-01 1.2497e+00 -8.1625e-01
6.3794e-01 1.2427e+00 -8.0434e-01
6.4236e-01 1.2359e+00 -7.9246e-01
6.4682e-01 1.2292e+00 -7.8063e-01
6.5131e-01 1.2226e+00 -7.6884e-01
6.5583e-01 1.2162e+00 -7.5710e-01
6.6038e-01 1.2099e+00 -7.4542e-01
6.6496e-01 1.2037e+00 -7.3380e-01
6.6958e-01 1.1976e+00 -7.2225e-01
6.7422e-01 1.1917e+00 -7.1078e-01
6.7890e-01 1.1859e+00 -6.9938e-01
6.8361e-01 1.1803e+00 -6.8806e-01
6.8836e-01 1.1747e+00 -6.7683e-01
6.9313e-01 1.1693e+00 -6.6569e-01
6.9795e-01 1.1639e+00 -6.5464e-01
7.0279e-01 1.1587e+00 -6.4370e-01
7.0767e-01 1.1536e+00 -6.3285e-01
7.1258e-01 1.1486e+00 -6.2211e-01
7.1752e-01 1.1437e+00 -6.1147e-01
7.2250e-01 1.1389e+00 -6.0095e-01
7.2751e-01 1.1343e+00 -5.9053e-01
7.3256e-01 1.1297e+00 -5.8024e-01
7.3765e-01 1.1252e+00 -5.7006e-01
7.4277e-01 1.1208e+00 -5.5999e-01
7.4792e-01 1.1165e+00 -5.5005e-01
7.5311e-01 1.1123e+00 -5.4024e-01
7.5834e-01 1.1082e+00 -5.3054e-01
7.6360e-01 1.1042e+00 -5.2097e-01
7.6890e-01 1.1002e+00 -5.1153e-01
7.7424e-01 1.0964e+00 -5.0221e-01
7.7961e-01 1.0926e+00 -4.9302e-01
7.8502e-01 1.0889e+00 -4.8396e-01
7.9047e-01 1.0853e+00 -4.7503e-01
7.9595e-01 1.0818e+00 -4.6622e-01
8.0148e-01 1.0784e+00 -4.5755e-01
8.0704e-01 1.0750e+00 -4.4900e-01
8.1264e-01 1.0717e+00 -4.4058e-01
8.1828e-01 1.0685e+00 -4.3229e-01
8.2396e-01 1.0653e+00 -4.2413e-01
8.2967e-01 1.0622e+00 -4.1610e-01
8.3543e-01 1.0592e+00 -4.0819e-01
8.4123e-01 1.0562e+00 -4.0041e-01
8.4707e-01 1.0533e+00 -3.9276e-01
8.5294e-01 1.0505e+00 -3.8523e-01
8.5886e-01 1.0477e+00 -3.7783e-01
8.6482e-01 1.0450e+00 -3.7054e-01
8.7083e-01 1.0424e+00 -3.6339e-01
8.7687e-01 1.0398e+00 -3.5635e-01
8.8295e-01 1.0373e+00 -3.4943e-01
8.8908e-01 1.0348e+00 -3.4263e-01
8.9525e-01 1.0324e+00 -3.3595e-01
9.0146e-01 1.0300e+00 -3.2939e-01
9.0772e-01 1.0277e+00 -3.2294e-01
9.1402e-01 1.0254e+00 -3.1661e-01
9.2036e-01 1.0232e+00 -3.1039e-01
9.2675e-01 1.0210e+00 -3.0428e-01
9.3318e-01 1.0189e+00 -2.9828e-01
9.3966e-01 1.0168e+00 -2.9239e-01
9.4618e-01 1.0148e+00 -2.8661e-01
9.5274e-01 1.0128e+00 -2.8093e-01
9.5936e-01 1.0108e+00 -2.7536e-01
9.6601e-01 1.0089e+00 -2.6989e-01
9.7272e-01 1.0071e+00 -2.6452e-01
9.7947e-01 1.0052e+00 -2.5925e-01
9.8626e-01 1.0035e+00 -2.5408e-01
9.9311e-01 1.0017e+00 -2.4901e-01
1.0000e+00 1.0000e+00 -2.4403e-01
