9.9900e-04 1.9050e+04 -1.6116e+00
1.0059e-03 1.8839e+04 -1.6110e+00
1.0129e-03 1.8630e+04 -1.6104e+00
1.0199e-03 1.8424e+04 -1.6098e+00
1.0270e-03 1.8220e+04 -1.6092e+00
1.0341e-03 1.8018e+04 -1.6086e+00
1.0413e-03 1.7819e+04 -1.6080e+00
1.0486e-03 1.7622e+04 -1.6074e+00
1.0558e-03 1.7427e+04 -1.6069e+00
1.0632e-03 1.7235e+04 -1.6063e+00
1.0705e-03 1.7044e+04 -1.6057e+00
1.0780e-03 1.6856e+04 -1.6051e+00
1.0854e-03 1.6670e+04 -1.6046e+00
1.0930e-03 1.6486e+04 -1.6040e+00
1.1006e-03 1.6304e+04 -1.6034e+00
1.1082e-03 1.6125e+04 -1.6029e+00
1.1159e-03 1.5947e+04 -1.6023e+00
1.1236e-03 1.5771e+04 -1.6017e+00
1.1314e-03 1.5597e+04 -1.6012e+00
1.1393e-03 1.5426e+04 -1.6006e+00
1.1472e-03 1.5256e+04 -1.6001e+00
1.1551e-03 1.5088e+04 -1.5995e+00
1.1632e-03 1.4922e+04 -1.5990e+00
1.1712e-03 1.4758e+04 -1.5984e+00
1.1794e-03 1.4596e+04 -1.5979e+00
1.1875e-03 1.4435e+04 -1.5973e+00
1.1958e-03 1.4277e+04 -1.5968e+00
1.2041e-03 1.4120e+04 -1.5963e+00
1.2124e-03 1.3965e+04 -1.5957e+00
1.2209e-03 1.3812e+04 -1.5952e+00
1.2293e-03 1.3660e+04 -1.5947e+00
1.2379e-03 1.3511e+04 -1.5942e+00
1.2465e-03 1.3362e+04 -1.5936e+00
1.2551e-03 1.3216e+04 -1.5931e+00
1.2638e-03 1.3071e+04 -1.5926e+00
1.2726e-03 1.2928e+04 -1.5921e+00
1.2814e-03 1.2787e+04 -1.5915e+00
1.2903e-03 1.2647e+04 -1.5910e+00
1.2993e-03 1.2508e+04 -1.5905e+00
1.3083e-03 1.2371e+04 -1.5900e+00
1.3174e-03 1.2236e+04 -1.5895e+00
1.3265e-03 1.2102e+04 -1.5890e+00
1.3357e-03 1.1970e+04 -1.5885e+00
1.3450e-03 1.1839e+04 -1.5880e+00
1.3543e-03 1.1710e+04 -1.5875e+00
1.3637e-03 1.1582e+04 -1.5870e+00
1.3732e-03 1.1456e+04 -1.5865e+00
1.3827e-03 1.1331e+04 -1.5860e+00
1.3923e-03 1.1207e+04 -1.5855e+00
1.4020e-03 1.1085e+04 -1.5850e+00
1.4117e-03 1.0964e+04 -1.5846e+00
1.4215e-03 1.0845e+04 -1.5841e+00
1.4313e-03 1.0727e+04 -1.5836e+00
1.4413e-03 1.0610e+04 -1.5831e+00
1.4513e-03 1.0494e+04 -1.5826e+00
1.4614e-03 1.0380e+04 -1.5822e+00
1.4715e-03 1.0267e+04 -1.5817e+00
1.4817e-03 1.0156e+04 -1.5812e+00
1.4920e-03 1.0045e+04 -1.5808e+00
1.5023e-03 9.9359e+03 -1.5803e+00
1.5128e-03 9.8279e+03 -1.5798e+00
1.5233e-03 9.7211e+03 -1.5794e+00
1.5338e-03 9.6155e+03 -1.5789e+00
1.5445e-03 9.5111e+03 -1.5785e+00
1.5552e-03 9.4079e+03 -1.5780e+00
1.5660e-03 9.3058e+03 -1.5776e+00
1.5769e-03 9.2048e+03 -1.5771e+00
1.5878e-03 9.1050e+03 -1.5767e+00
1.5988e-03 9.0063e+03 -1.5762e+00
1.6099e-03 8.9086e+03 -1.5758e+00
1.6211e-03 8.8121e+03 -1.5753e+00
1.6323e-03 8.7166e+03 -1.5749e+00
1.6437e-03 8.6222e+03 -1.5744e+00
1.6551e-03 8.5289e+03 -1.5740e+00
1.6666e-03 8.4365e+03 -1.5736e+00
1.6781e-03 8.3452e+03 -1.5731e+00
1.6898e-03 8.2550e+03 -1.5727e+00
1.7015e-03 8.1657e+03 -1.5723e+00
1.7133e-03 8.0774e+03 -1.5719e+00
1.7252e-03 7.9901e+03 -1.5714e+00
1.7372e-03 7.9037e+03 -1.5710e+00
1.7492e-03 7.8183e+03 -1.5706e+00
1.7614e-03 7.7339e+03 -1.5702e+00
1.7736e-03 7.6503e+03 -1.5698e+00
1.7859e-03 7.5678e+03 -1.5694e+00
1.7983e-03 7.4861e+03 -1.5690e+00
1.8108e-03 7.4053e+03 -1.5685e+00
1.8233e-03 7.3254e+03 -1.5681e+00
1.8360e-03 7.2464e+03 -1.5677e+00
1.8487e-03 7.1683e+03 -1.5673e+00
1.8616e-03 7.0910e+03 -1.5669e+00
1.8745e-03 7.0146e+03 -1.5665e+00
1.8875e-03 6.9390e+03 -1.5661e+00
1.9006e-03 6.8643e+03 -1.5657e+00
1.9138e-03 6.7904e+03 -1.5653e+00
1.9270e-03 6.7173e+03 -1.5650e+00
1.9404e-03 6.6450e+03 -1.5646e+00
1.9539e-03 6.5735e+03 -1.5642e+00
1.9674e-03 6.5027e+03 -1.5638e+00
1.9811e-03 6.4328e+03 -1.5634e+00
1.9948e-03 6.3636e+03 -1.5630e+00
2.0087e-03 6.2952e+03 -1.5627e+00
2.0226e-03 6.2276e+03 -1.5623e+00
2.0367e-03 6.1607e+03 -1.5619e+00
2.0508e-03 6.0945e+03 -1.5615e+00
2.0650e-03 6.0290e+03 -1.5612e+00
2.0794e-03 5.9643e+03 -1.5608e+00
2.0938e-03 5.9003e+03 -1.5604e+00
2.1083e-03 5.8369e+03 -1.5601e+00
2.1230e-03 5.7743e+03 -1.5597e+00
2.1377e-03 5.7124e+03 -1.5593e+00
2.1525e-03 5.6511e+03 -1.5590e+00
2.1675e-03 5.5905e+03 -1.5586e+00
2.1825e-03 5.5306e+03 -1.5583e+00
2.1976e-03 5.4713e+03 -1.5579e+00
2.2129e-03 5.4127e+03 -1.5576e+00
2.2283e-03 5.3547e+03 -1.5572e+00
2.2437e-03 5.2974e+03 -1.5569e+00
2.2593e-03 5.2406e+03 -1.5565e+00
2.2750e-03 5.1845e+03 -1.5562e+00
2.2908e-03 5.1290e+03 -1.5558e+00
2.3067e-03 5.0742e+03 -1.5555e+00
2.3227e-03 5.0199e+03 -1.5552e+00
2.3388e-03 4.9662e+03 -1.5548e+00
2.3550e-03 4.9131e+03 -1.5545e+00
2.3713e-03 4.8605e+03 -1.5541e+00
2.3878e-03 4.8086e+03 -1.5538e+00
2.4044e-03 4.7572e+03 -1.5535e+00
2.4211e-03 4.7064e+03 -1.5532e+00
2.4379e-03 4.6561e+03 -1.5528e+00
2.4548e-03 4.6064e+03 -1.5525e+00
2.4718e-03 4.5572e+03 -1.5522e+00
2.4890e-03 4.5085e+03 -1.5519e+00
2.5062e-03 4.4604e+03 -1.5515e+00
2.5236e-03 4.4128e+03 -1.5512e+00
2.5411e-03 4.3657e+03 -1.5509e+00
2.5588e-03 4.3191e+03 -1.5506e+00
2.5765e-03 4.2731e+03 -1.5503e+00
2.5944e-03 4.2275e+03 -1.5500e+00
2.6124e-03 4.1824e+03 -1.5497e+00
2.6306e-03 4.1379e+03 -1.5494e+00
2.6488e-03 4.0938e+03 -1.5491e+00
2.6672e-03 4.0502e+03 -1.5487e+00
2.6857e-03 4.0070e+03 -1.5484e+00
2.7043e-03 3.9643e+03 -1.5481e+00
2.7231e-03 3.9221e+03 -1.5478e+00
2.7420e-03 3.8804e+03 -1.5475e+00
2.7610e-03 3.8391e+03 -1.5473e+00
2.7802e-03 3.7982e+03 -1.5470e+00
2.7995e-03 3.7578e+03 -1.5467e+00
2.8189e-03 3.7178e+03 -1.5464e+00
2.8385e-03 3.6783e+03 -1.5461e+00
2.8582e-03 3.6392e+03 -1.5458e+00
2.8780e-03 3.6005e+03 -1.5455e+00
2.8980e-03 3.5622e+03 -1.5452e+00
2.9181e-03 3.5243e+03 -1.5449e+00
2.9383e-03 3.4869e+03 -1.5447e+00
2.9587e-03 3.4498e+03 -1.5444e+00
2.9793e-03 3.4132e+03 -1.5441e+00
2.9999e-03 3.3769e+03 -1.5438e+00
3.0208e-03 3.3411e+03 -1.5436e+00
3.0417e-03 3.3056e+03 -1.5433e+00
3.0628e-03 3.2705e+03 -1.5430e+00
3.0841e-03 3.2358e+03 -1.5427e+00
3.1055e-03 3.2015e+03 -1.5425e+00
3.1270e-03 3.1675e+03 -1.5422e+00
3.1487e-03 3.1339e+03 -1.5419e+00
3.1706e-03 3.1007e+03 -1.5417e+00
3.1926e-03 3.0678e+03 -1.5414e+00
3.2147e-03 3.0353e+03 -1.5412e+00
3.2371e-03 3.0031e+03 -1.5409e+00
3.2595e-03 2.9713e+03 -1.5406e+00
3.2821e-03 2.9398e+03 -1.5404e+00
3.3049e-03 2.9086e+03 -1.5401e+00
3.3279e-03 2.8778e+03 -1.5399e+00
3.3509e-03 2.8473e+03 -1.5396e+00
3.3742e-03 2.8172e+03 -1.5394e+00
3.3976e-03 2.7873e+03 -1.5391e+00
3.4212e-03 2.7578e+03 -1.5389e+00
3.4449e-03 2.7286e+03 -1.5386e+00
3.4688e-03 2.6998e+03 -1.5384e+00
3.4929e-03 2.6712e+03 -1.5381e+00
3.5172e-03 2.6429e+03 -1.5379e+00
3.5416e-03 2.6150e+03 -1.5377e+00
3.5661e-03 2.5873e+03 -1.5374e+00
3.5909e-03 2.5600e+03 -1.5372e+00
3.6158e-03 2.5329e+03 -1.5369e+00
3.6409e-03 2.5061e+03 -1.5367e+00
3.6662e-03 2.4796e+03 -1.5365e+00
3.6916e-03 2.4534e+03 -1.5362e+00
3.7172e-03 2.4275e+03 -1.5360e+00
3.7430e-03 2.4018e+03 -1.5358e+00
3.7690e-03 2.3765e+03 -1.5355e+00
3.7952e-03 2.3514e+03 -1.5353e+00
3.8215e-03 2.3265e+03 -1.5351e+00
3.8480e-03 2.3020e+03 -1.5349e+00
3.8747e-03 2.2777e+03 -1.5346e+00
3.9016e-03 2.2536e+03 -1.5344e+00
3.9287e-03 2.2298e+03 -1.5342e+00
3.9559e-03 2.2063e+03 -1.5340e+00
3.9834e-03 2.1830e+03 -1.5338e+00
4.0110e-03 2.1600e+03 -1.5336e+00
4.0389e-03 2.1372e+03 -1.5333e+00
4.0669e-03 2.1147e+03 -1.5331e+00
4.0951e-03 2.0924e+03 -1.5329e+00
4.1235e-03 2.0703e+03 -1.5327e+00
4.1522e-03 2.0485e+03 -1.5325e+00
4.1810e-03 2.0269e+03 -1.5323e+00
4.2100e-03 2.0055e+03 -1.5321e+00
4.2392e-03 1.9844e+03 -1.5319e+00
4.2686e-03 1.9635e+03 -1.5317e+00
4.2982e-03 1.9428e+03 -1.5315e+00
4.3281e-03 1.9223e+03 -1.5313e+00
4.3581e-03 1.9021e+03 -1.5310e+00
4.3884e-03 1.8820e+03 -1.5308e+00
4.4188e-03 1.8622e+03 -1.5307e+00
4.4495e-03 1.8426e+03 -1.5305e+00
4.4803e-03 1.8232e+03 -1.5303e+00
4.5114e-03 1.8040e+03 -1.5301e+00
4.5427e-03 1.7850e+03 -1.5299e+00
4.5743e-03 1.7663e+03 -1.5297e+00
4.6060e-03 1.7477e+03 -1.5295e+00
4.6380e-03 1.7293e+03 -1.5293e+00
4.6702e-03 1.7111e+03 -1.5291e+00
4.7026e-03 1.6931e+03 -1.5289e+00
4.7352e-03 1.6753e+03 -1.5287e+00
4.7681e-03 1.6577e+03 -1.5285e+00
4.8012e-03 1.6402e+03 -1.5284e+00
4.8345e-03 1.6230e+03 -1.5282e+00
4.8680e-03 1.6059e+03 -1.5280e+00
4.9018e-03 1.5891e+03 -1.5278e+00
4.9358e-03 1.5724e+03 -1.5276e+00
4.9701e-03 1.5558e+03 -1.5274e+00
5.0046e-03 1.5395e+03 -1.5273e+00
5.0393e-03 1.5233e+03 -1.5271e+00
5.0743e-03 1.5073e+03 -1.5269e+00
5.1095e-03 1.4915e+03 -1.5267e+00
5.1449e-03 1.4758e+03 -1.5266e+00
5.1806e-03 1.4603e+03 -1.5264e+00
5.2166e-03 1.4450e+03 -1.5262e+00
5.2528e-03 1.4298e+03 -1.5260e+00
5.2893e-03 1.4148e+03 -1.5259e+00
5.3260e-03 1.3999e+03 -1.5257e+00
5.3629e-03 1.3853e+03 -1.5255e+00
5.4001e-03 1.3707e+03 -1.5254e+00
5.4376e-03 1.3563e+03 -1.5252e+00
5.4753e-03 1.3421e+03 -1.5250e+00
5.5133e-03 1.3280e+03 -1.5249e+00
5.5516e-03 1.3141e+03 -1.5247e+00
5.5901e-03 1.3003e+03 -1.5246e+00
5.6289e-03 1.2867e+03 -1.5244e+00
5.6680e-03 1.2732e+03 -1.5242e+00
5.7073e-03 1.2598e+03 -1.5241e+00
5.7469e-03 1.2466e+03 -1.5239e+00
5.7868e-03 1.2336e+03 -1.5238e+00
5.8270e-03 1.2206e+03 -1.5236e+00
5.8674e-03 1.2078e+03 -1.5234e+00
5.9081e-03 1.1952e+03 -1.5233e+00
5.9491e-03 1.1827e+03 -1.5231e+00
5.9904e-03 1.1703e+03 -1.5230e+00
6.0320e-03 1.1580e+03 -1.5228e+00
6.0738e-03 1.1459e+03 -1.5227e+00
6.1160e-03 1.1339e+03 -1.5225e+00
6.1584e-03 1.1220e+03 -1.5224e+00
6.2012e-03 1.1102e+03 -1.5222e+00
6.2442e-03 1.0986e+03 -1.5221e+00
6.2875e-03 1.0871e+03 -1.5219e+00
6.3312e-03 1.0757e+03 -1.5218e+00
6.3751e-03 1.0645e+03 -1.5217e+00
6.4193e-03 1.0533e+03 -1.5215e+00
6.4639e-03 1.0423e+03 -1.5214e+00
6.5087e-03 1.0314e+03 -1.5212e+00
6.5539e-03 1.0206e+03 -1.5211e+00
6.5994e-03 1.0099e+03 -1.5210e+00
6.6452e-03 9.9935e+02 -1.5208e+00
6.6913e-03 9.8890e+02 -1.5207e+00
6.7377e-03 9.7855e+02 -1.5205e+00
6.7845e-03 9.6832e+02 -1.5204e+00
6.8316e-03 9.5819e+02 -1.5203e+00
6.8790e-03 9.4817e+02 -1.5201e+00
6.9267e-03 9.3825e+02 -1.5200e+00
6.9748e-03 9.2844e+02 -1.5199e+00
7.0232e-03 9.1874e+02 -1.5197e+00
7.0719e-03 9.0913e+02 -1.5196e+00
7.1210e-03 8.9963e+02 -1.5195e+00
7.1704e-03 8.9022e+02 -1.5194e+00
7.2202e-03 8.8092e+02 -1.5192e+00
7.2703e-03 8.7171e+02 -1.5191e+00
7.3208e-03 8.6260e+02 -1.5190e+00
7.3716e-03 8.5359e+02 -1.5188e+00
7.4227e-03 8.4467e+02 -1.5187e+00
7.4742e-03 8.3585e+02 -1.5186e+00
7.5261e-03 8.2711e+02 -1.5185e+00
7.5783e-03 8.1847e+02 -1.5183e+00
7.6309e-03 8.0993e+02 -1.5182e+00
7.6839e-03 8.0147e+02 -1.5181e+00
7.7372e-03 7.9310e+02 -1.5180e+00
7.7909e-03 7.8481e+02 -1.5179e+00
7.8450e-03 7.7662e+02 -1.5177e+00
7.8994e-03 7.6851e+02 -1.5176e+00
7.9542e-03 7.6049e+02 -1.5175e+00
8.0094e-03 7.5255e+02 -1.5174e+00
8.0650e-03 7.4469e+02 -1.5173e+00
8.1210e-03 7.3692e+02 -1.5172e+00
8.1773e-03 7.2923e+02 -1.5170e+00
8.2341e-03 7.2162e+02 -1.5169e+00
8.2912e-03 7.1409e+02 -1.5168e+00
8.3487e-03 7.0664e+02 -1.5167e+00
8.4067e-03 6.9926e+02 -1.5166e+00
8.4650e-03 6.9197e+02 -1.5165e+00
8.5238e-03 6.8475e+02 -1.5164e+00
8.5829e-03 6.7761e+02 -1.5163e+00
8.6425e-03 6.7054e+02 -1.5162e+00
8.7025e-03 6.6355e+02 -1.5161e+00
8.7628e-03 6.5662e+02 -1.5159e+00
8.8237e-03 6.4978e+02 -1.5158e+00
8.8849e-03 6.4300e+02 -1.5157e+00
8.9466e-03 6.3630e+02 -1.5156e+00
9.0086e-03 6.2966e+02 -1.5155e+00
9.0712e-03 6.2310e+02 -1.5154e+00
9.1341e-03 6.1660e+02 -1.5153e+00
9.1975e-03 6.1017e+02 -1.5152e+00
9.2613e-03 6.0381e+02 -1.5151e+00
9.3256e-03 5.9752e+02 -1.5150e+00
9.3903e-03 5.9129e+02 -1.5149e+00
9.4555e-03 5.8513e+02 -1.5148e+00
9.5211e-03 5.7903e+02 -1.5147e+00
9.5872e-03 5.7300e+02 -1.5146e+00
9.6537e-03 5.6703e+02 -1.5145e+00
9.7207e-03 5.6112e+02 -1.5144e+00
9.7881e-03 5.5528e+02 -1.5143e+00
9.8561e-03 5.4949e+02 -1.5142e+00
9.9245e-03 5.4377e+02 -1.5141e+00
9.9933e-03 5.3810e+02 -1.5140e+00
1.0063e-02 5.3250e+02 -1.5139e+00
1.0133e-02 5.2695e+02 -1.5138e+00
1.0203e-02 5.2146e+02 -1.5138e+00
1.0274e-02 5.1603e+02 -1.5137e+00
1.0345e-02 5.1066e+02 -1.5136e+00
1.0417e-02 5.0534e+02 -1.5135e+00
1.0489e-02 5.0008e+02 -1.5134e+00
1.0562e-02 4.9488e+02 -1.5133e+00
1.0635e-02 4.8972e+02 -1.5132e+00
1.0709e-02 4.8463e+02 -1.5131e+00
1.0783e-02 4.7958e+02 -1.5130e+00
1.0858e-02 4.7459e+02 -1.5129e+00
1.0933e-02 4.6965e+02 -1.5129e+00
1.1009e-02 4.6476e+02 -1.5128e+00
1.1086e-02 4.5992e+02 -1.5127e+00
1.1163e-02 4.5514e+02 -1.5126e+00
1.1240e-02 4.5040e+02 -1.5125e+00
1.1318e-02 4.4572e+02 -1.5124e+00
1.1397e-02 4.4108e+02 -1.5123e+00
1.1476e-02 4.3649e+02 -1.5123e+00
1.1555e-02 4.3195e+02 -1.5122e+00
1.1636e-02 4.2745e+02 -1.5121e+00
1.1716e-02 4.2301e+02 -1.5120e+00
1.1798e-02 4.1861e+02 -1.5119e+00
1.1879e-02 4.1425e+02 -1.5118e+00
1.1962e-02 4.0995e+02 -1.5118e+00
1.2045e-02 4.0568e+02 -1.5117e+00
1.2128e-02 4.0146e+02 -1.5116e+00
1.2213e-02 3.9729e+02 -1.5115e+00
1.2297e-02 3.9316e+02 -1.5115e+00
1.2383e-02 3.8907e+02 -1.5114e+00
1.2469e-02 3.8502e+02 -1.5113e+00
1.2555e-02 3.8102e+02 -1.5112e+00
1.2642e-02 3.7706e+02 -1.5111e+00
1.2730e-02 3.7314e+02 -1.5111e+00
1.2818e-02 3.6926e+02 -1.5110e+00
1.2907e-02 3.6542e+02 -1.5109e+00
1.2997e-02 3.6162e+02 -1.5108e+00
1.3087e-02 3.5787e+02 -1.5108e+00
1.3178e-02 3.5415e+02 -1.5107e+00
1.3269e-02 3.5047e+02 -1.5106e+00
1.3361e-02 3.4682e+02 -1.5106e+00
1.3454e-02 3.4322e+02 -1.5105e+00
1.3548e-02 3.3965e+02 -1.5104e+00
1.3642e-02 3.3612e+02 -1.5103e+00
1.3736e-02 3.3263e+02 -1.5103e+00
1.3832e-02 3.2917e+02 -1.5102e+00
1.3928e-02 3.2575e+02 -1.5101e+00
1.4024e-02 3.2237e+02 -1.5101e+00
1.4122e-02 3.1902e+02 -1.5100e+00
1.4220e-02 3.1571e+02 -1.5099e+00
1.4318e-02 3.1243e+02 -1.5099e+00
1.4418e-02 3.0918e+02 -1.5098e+00
1.4518e-02 3.0597e+02 -1.5097e+00
1.4618e-02 3.0279e+02 -1.5097e+00
1.4720e-02 2.9965e+02 -1.5096e+00
1.4822e-02 2.9654e+02 -1.5095e+00
1.4925e-02 2.9346e+02 -1.5095e+00
1.5028e-02 2.9041e+02 -1.5094e+00
1.5133e-02 2.8739e+02 -1.5093e+00
1.5238e-02 2.8441e+02 -1.5093e+00
1.5343e-02 2.8146e+02 -1.5092e+00
1.5450e-02 2.7853e+02 -1.5091e+00
1.5557e-02 2.7564e+02 -1.5091e+00
1.5665e-02 2.7278e+02 -1.5090e+00
1.5774e-02 2.6995e+02 -1.5090e+00
1.5883e-02 2.6715e+02 -1.5089e+00
1.5994e-02 2.6437e+02 -1.5088e+00
1.6105e-02 2.6163e+02 -1.5088e+00
1.6216e-02 2.5891e+02 -1.5087e+00
1.6329e-02 2.5623e+02 -1.5087e+00
1.6442e-02 2.5357e+02 -1.5086e+00
1.6556e-02 2.5094e+02 -1.5085e+00
1.6671e-02 2.4833e+02 -1.5085e+00
1.6787e-02 2.4575e+02 -1.5084e+00
1.6903e-02 2.4320e+02 -1.5084e+00
1.7021e-02 2.4068e+02 -1.5083e+00
1.7139e-02 2.3818e+02 -1.5083e+00
1.7258e-02 2.3571e+02 -1.5082e+00
1.7377e-02 2.3327e+02 -1.5081e+00
1.7498e-02 2.3085e+02 -1.5081e+00
1.7619e-02 2.2845e+02 -1.5080e+00
1.7742e-02 2.2608e+02 -1.5080e+00
1.7865e-02 2.2373e+02 -1.5079e+00
1.7989e-02 2.2141e+02 -1.5079e+00
1.8114e-02 2.1912e+02 -1.5078e+00
1.8239e-02 2.1684e+02 -1.5078e+00
1.8366e-02 2.1459e+02 -1.5077e+00
1.8493e-02 2.1237e+02 -1.5076e+00
1.8622e-02 2.1017e+02 -1.5076e+00
1.8751e-02 2.0799e+02 -1.5075e+00
1.8881e-02 2.0583e+02 -1.5075e+00
1.9012e-02 2.0369e+02 -1.5074e+00
1.9144e-02 2.0158e+02 -1.5074e+00
1.9277e-02 1.9949e+02 -1.5073e+00
1.9411e-02 1.9742e+02 -1.5073e+00
1.9545e-02 1.9538e+02 -1.5072e+00
1.9681e-02 1.9335e+02 -1.5072e+00
1.9818e-02 1.9135e+02 -1.5071e+00
1.9955e-02 1.8936e+02 -1.5071e+00
2.0094e-02 1.8740e+02 -1.5070e+00
2.0233e-02 1.8545e+02 -1.5070e+00
2.0373e-02 1.8353e+02 -1.5069e+00
2.0515e-02 1.8163e+02 -1.5069e+00
2.0657e-02 1.7975e+02 -1.5068e+00
2.0801e-02 1.7788e+02 -1.5068e+00
2.0945e-02 1.7604e+02 -1.5067e+00
2.1090e-02 1.7421e+02 -1.5067e+00
2.1237e-02 1.7241e+02 -1.5067e+00
2.1384e-02 1.7062e+02 -1.5066e+00
2.1532e-02 1.6885e+02 -1.5066e+00
2.1682e-02 1.6710e+02 -1.5065e+00
2.1832e-02 1.6537e+02 -1.5065e+00
2.1984e-02 1.6366e+02 -1.5064e+00
2.2136e-02 1.6196e+02 -1.5064e+00
2.2290e-02 1.6028e+02 -1.5063e+00
2.2445e-02 1.5862e+02 -1.5063e+00
2.2600e-02 1.5698e+02 -1.5062e+00
2.2757e-02 1.5535e+02 -1.5062e+00
2.2915e-02 1.5374e+02 -1.5062e+00
2.3074e-02 1.5215e+02 -1.5061e+00
2.3234e-02 1.5057e+02 -1.5061e+00
2.3396e-02 1.4901e+02 -1.5060e+00
2.3558e-02 1.4747e+02 -1.5060e+00
2.3721e-02 1.4594e+02 -1.5059e+00
2.3886e-02 1.4443e+02 -1.5059e+00
2.4052e-02 1.4293e+02 -1.5059e+00
2.4219e-02 1.4145e+02 -1.5058e+00
2.4387e-02 1.3999e+02 -1.5058e+00
2.4556e-02 1.3854e+02 -1.5057e+00
2.4726e-02 1.3710e+02 -1.5057e+00
2.4898e-02 1.3568e+02 -1.5057e+00
2.5071e-02 1.3427e+02 -1.5056e+00
2.5245e-02 1.3288e+02 -1.5056e+00
2.5420e-02 1.3151e+02 -1.5055e+00
2.5596e-02 1.3015e+02 -1.5055e+00
2.5774e-02 1.2880e+02 -1.5055e+00
2.5953e-02 1.2746e+02 -1.5054e+00
2.6133e-02 1.2614e+02 -1.5054e+00
2.6314e-02 1.2484e+02 -1.5053e+00
2.6497e-02 1.2354e+02 -1.5053e+00
2.6681e-02 1.2226e+02 -1.5053e+00
2.6866e-02 1.2100e+02 -1.5052e+00
2.7052e-02 1.1975e+02 -1.5052e+00
2.7240e-02 1.1851e+02 -1.5052e+00
2.7429e-02 1.1728e+02 -1.5051e+00
2.7620e-02 1.1606e+02 -1.5051e+00
2.7811e-02 1.1486e+02 -1.5050e+00
2.8004e-02 1.1367e+02 -1.5050e+00
2.8199e-02 1.1250e+02 -1.5050e+00
2.8394e-02 1.1133e+02 -1.5049e+00
2.8591e-02 1.1018e+02 -1.5049e+00
2.8790e-02 1.0904e+02 -1.5049e+00
2.8989e-02 1.0791e+02 -1.5048e+00
2.9191e-02 1.0679e+02 -1.5048e+00
2.9393e-02 1.0569e+02 -1.5048e+00
2.9597e-02 1.0459e+02 -1.5047e+00
2.9803e-02 1.0351e+02 -1.5047e+00
3.0009e-02 1.0244e+02 -1.5046e+00
3.0218e-02 1.0138e+02 -1.5046e+00
3.0427e-02 1.0033e+02 -1.5046e+00
3.0638e-02 9.9289e+01 -1.5045e+00
3.0851e-02 9.8262e+01 -1.5045e+00
3.1065e-02 9.7245e+01 -1.5045e+00
3.1281e-02 9.6238e+01 -1.5044e+00
3.1498e-02 9.5242e+01 -1.5044e+00
3.1716e-02 9.4256e+01 -1.5044e+00
3.1937e-02 9.3281e+01 -1.5043e+00
3.2158e-02 9.2315e+01 -1.5043e+00
3.2381e-02 9.1360e+01 -1.5043e+00
3.2606e-02 9.0414e+01 -1.5042e+00
3.2832e-02 8.9479e+01 -1.5042e+00
3.3060e-02 8.8553e+01 -1.5042e+00
3.3290e-02 8.7636e+01 -1.5041e+00
3.3521e-02 8.6729e+01 -1.5041e+00
3.3753e-02 8.5832e+01 -1.5041e+00
3.3987e-02 8.4944e+01 -1.5041e+00
3.4223e-02 8.4065e+01 -1.5040e+00
3.4461e-02 8.3195e+01 -1.5040e+00
3.4700e-02 8.2334e+01 -1.5040e+00
3.4941e-02 8.1482e+01 -1.5039e+00
3.5183e-02 8.0639e+01 -1.5039e+00
3.5427e-02 7.9805e+01 -1.5039e+00
3.5673e-02 7.8979e+01 -1.5038e+00
3.5921e-02 7.8162e+01 -1.5038e+00
3.6170e-02 7.7353e+01 -1.5038e+00
3.6421e-02 7.6553e+01 -1.5037e+00
3.6674e-02 7.5761e+01 -1.5037e+00
3.6928e-02 7.4977e+01 -1.5037e+00
3.7185e-02 7.4202e+01 -1.5036e+00
3.7443e-02 7.3434e+01 -1.5036e+00
3.7703e-02 7.2675e+01 -1.5036e+00
3.7964e-02 7.1923e+01 -1.5036e+00
3.8228e-02 7.1179e+01 -1.5035e+00
3.8493e-02 7.0443e+01 -1.5035e+00
3.8760e-02 6.9714e+01 -1.5035e+00
3.9029e-02 6.8993e+01 -1.5034e+00
3.9300e-02 6.8279e+01 -1.5034e+00
3.9573e-02 6.7573e+01 -1.5034e+00
3.9847e-02 6.6874e+01 -1.5033e+00
4.0124e-02 6.6182e+01 -1.5033e+00
4.0402e-02 6.5498e+01 -1.5033e+00
4.0683e-02 6.4821e+01 -1.5033e+00
4.0965e-02 6.4150e+01 -1.5032e+00
4.1249e-02 6.3487e+01 -1.5032e+00
4.1535e-02 6.2830e+01 -1.5032e+00
4.1824e-02 6.2180e+01 -1.5031e+00
4.2114e-02 6.1537e+01 -1.5031e+00
4.2406e-02 6.0901e+01 -1.5031e+00
4.2700e-02 6.0271e+01 -1.5031e+00
4.2997e-02 5.9648e+01 -1.5030e+00
4.3295e-02 5.9031e+01 -1.5030e+00
4.3596e-02 5.8421e+01 -1.5030e+00
4.3898e-02 5.7817e+01 -1.5029e+00
4.4203e-02 5.7219e+01 -1.5029e+00
4.4510e-02 5.6627e+01 -1.5029e+00
4.4818e-02 5.6042e+01 -1.5029e+00
4.5129e-02 5.5462e+01 -1.5028e+00
4.5443e-02 5.4889e+01 -1.5028e+00
4.5758e-02 5.4321e+01 -1.5028e+00
4.6076e-02 5.3760e+01 -1.5027e+00
4.6395e-02 5.3204e+01 -1.5027e+00
4.6717e-02 5.2654e+01 -1.5027e+00
4.7041e-02 5.2110e+01 -1.5027e+00
4.7368e-02 5.1571e+01 -1.5026e+00
4.7697e-02 5.1038e+01 -1.5026e+00
4.8028e-02 5.0510e+01 -1.5026e+00
4.8361e-02 4.9988e+01 -1.5025e+00
4.8697e-02 4.9471e+01 -1.5025e+00
4.9034e-02 4.8960e+01 -1.5025e+00
4.9375e-02 4.8454e+01 -1.5024e+00
4.9717e-02 4.7953e+01 -1.5024e+00
5.0062e-02 4.7457e+01 -1.5024e+00
5.0410e-02 4.6967e+01 -1.5024e+00
5.0760e-02 4.6481e+01 -1.5023e+00
5.1112e-02 4.6001e+01 -1.5023e+00
5.1467e-02 4.5526e+01 -1.5023e+00
5.1824e-02 4.5055e+01 -1.5022e+00
5.2183e-02 4.4589e+01 -1.5022e+00
5.2546e-02 4.4129e+01 -1.5022e+00
5.2910e-02 4.3672e+01 -1.5022e+00
5.3277e-02 4.3221e+01 -1.5021e+00
5.3647e-02 4.2774e+01 -1.5021e+00
5.4019e-02 4.2332e+01 -1.5021e+00
5.4394e-02 4.1895e+01 -1.5020e+00
5.4772e-02 4.1462e+01 -1.5020e+00
5.5152e-02 4.1034e+01 -1.5020e+00
5.5535e-02 4.0610e+01 -1.5019e+00
5.5920e-02 4.0190e+01 -1.5019e+00
5.6308e-02 3.9775e+01 -1.5019e+00
5.6699e-02 3.9364e+01 -1.5018e+00
5.7092e-02 3.8957e+01 -1.5018e+00
5.7488e-02 3.8554e+01 -1.5018e+00
5.7887e-02 3.8156e+01 -1.5018e+00
5.8289e-02 3.7762e+01 -1.5017e+00
5.8694e-02 3.7372e+01 -1.5017e+00
5.9101e-02 3.6986e+01 -1.5017e+00
5.9511e-02 3.6604e+01 -1.5016e+00
5.9924e-02 3.6225e+01 -1.5016e+00
6.0340e-02 3.5851e+01 -1.5016e+00
6.0759e-02 3.5481e+01 -1.5015e+00
6.1180e-02 3.5114e+01 -1.5015e+00
6.1605e-02 3.4752e+01 -1.5015e+00
6.2032e-02 3.4393e+01 -1.5014e+00
6.2463e-02 3.4037e+01 -1.5014e+00
6.2896e-02 3.3686e+01 -1.5014e+00
6.3333e-02 3.3338e+01 -1.5013e+00
6.3772e-02 3.2993e+01 -1.5013e+00
6.4215e-02 3.2653e+01 -1.5013e+00
6.4660e-02 3.2315e+01 -1.5012e+00
6.5109e-02 3.1982e+01 -1.5012e+00
6.5561e-02 3.1651e+01 -1.5011e+00
6.6016e-02 3.1325e+01 -1.5011e+00
6.6474e-02 3.1001e+01 -1.5011e+00
6.6935e-02 3.0681e+01 -1.5010e+00
6.7400e-02 3.0364e+01 -1.5010e+00
6.7868e-02 3.0050e+01 -1.5010e+00
6.8339e-02 2.9740e+01 -1.5009e+00
6.8813e-02 2.9433e+01 -1.5009e+00
6.9290e-02 2.9129e+01 -1.5008e+00
6.9771e-02 2.8828e+01 -1.5008e+00
7.0255e-02 2.8531e+01 -1.5008e+00
7.0743e-02 2.8236e+01 -1.5007e+00
7.1234e-02 2.7945e+01 -1.5007e+00
7.1728e-02 2.7656e+01 -1.5006e+00
7.2226e-02 2.7371e+01 -1.5006e+00
7.2727e-02 2.7088e+01 -1.5006e+00
7.3232e-02 2.6808e+01 -1.5005e+00
7.3740e-02 2.6532e+01 -1.5005e+00
7.4252e-02 2.6258e+01 -1.5004e+00
7.4767e-02 2.5987e+01 -1.5004e+00
7.5286e-02 2.5718e+01 -1.5003e+00
7.5808e-02 2.5453e+01 -1.5003e+00
7.6335e-02 2.5190e+01 -1.5002e+00
7.6864e-02 2.4930e+01 -1.5002e+00
7.7398e-02 2.4673e+01 -1.5001e+00
7.7935e-02 2.4418e+01 -1.5001e+00
7.8476e-02 2.4166e+01 -1.5000e+00
7.9020e-02 2.3917e+01 -1.5000e+00
7.9569e-02 2.3670e+01 -1.4999e+00
8.0121e-02 2.3426e+01 -1.4999e+00
8.0677e-02 2.3184e+01 -1.4998e+00
8.1237e-02 2.2945e+01 -1.4998e+00
8.1800e-02 2.2708e+01 -1.4997e+00
8.2368e-02 2.2474e+01 -1.4997e+00
8.2940e-02 2.2242e+01 -1.4996e+00
8.3515e-02 2.2012e+01 -1.4996e+00
8.4095e-02 2.1785e+01 -1.4995e+00
8.4678e-02 2.1561e+01 -1.4995e+00
8.5266e-02 2.1338e+01 -1.4994e+00
8.5858e-02 2.1118e+01 -1.4993e+00
8.6454e-02 2.0900e+01 -1.4993e+00
8.7054e-02 2.0685e+01 -1.4992e+00
8.7658e-02 2.0471e+01 -1.4992e+00
8.8266e-02 2.0260e+01 -1.4991e+00
8.8879e-02 2.0051e+01 -1.4990e+00
8.9495e-02 1.9844e+01 -1.4990e+00
9.0116e-02 1.9640e+01 -1.4989e+00
9.0742e-02 1.9437e+01 -1.4988e+00
9.1371e-02 1.9237e+01 -1.4988e+00
9.2006e-02 1.9038e+01 -1.4987e+00
9.2644e-02 1.8842e+01 -1.4986e+00
9.3287e-02 1.8648e+01 -1.4985e+00
9.3934e-02 1.8456e+01 -1.4985e+00
9.4586e-02 1.8265e+01 -1.4984e+00
9.5243e-02 1.8077e+01 -1.4983e+00
9.5904e-02 1.7891e+01 -1.4982e+00
9.6569e-02 1.7706e+01 -1.4982e+00
9.7239e-02 1.7524e+01 -1.4981e+00
9.7914e-02 1.7343e+01 -1.4980e+00
9.8594e-02 1.7165e+01 -1.4979e+00
9.9278e-02 1.6988e+01 -1.4978e+00
9.9967e-02 1.6813e+01 -1.4978e+00
1.0066e-01 1.6639e+01 -1.4977e+00
1.0136e-01 1.6468e+01 -1.4976e+00
1.0206e-01 1.6298e+01 -1.4975e+00
1.0277e-01 1.6130e+01 -1.4974e+00
1.0348e-01 1.5964e+01 -1.4973e+00
1.0420e-01 1.5800e+01 -1.4972e+00
1.0493e-01 1.5637e+01 -1.4971e+00
1.0565e-01 1.5476e+01 -1.4970e+00
1.0639e-01 1.5316e+01 -1.4969e+00
1.0712e-01 1.5159e+01 -1.4968e+00
1.0787e-01 1.5003e+01 -1.4967e+00
1.0862e-01 1.4848e+01 -1.4966e+00
1.0937e-01 1.4695e+01 -1.4965e+00
1.1013e-01 1.4544e+01 -1.4964e+00
1.1089e-01 1.4394e+01 -1.4963e+00
1.1166e-01 1.4246e+01 -1.4962e+00
1.1244e-01 1.4099e+01 -1.4961e+00
1.1322e-01 1.3954e+01 -1.4959e+00
1.1400e-01 1.3811e+01 -1.4958e+00
1.1480e-01 1.3669e+01 -1.4957e+00
1.1559e-01 1.3528e+01 -1.4956e+00
1.1639e-01 1.3389e+01 -1.4954e+00
1.1720e-01 1.3251e+01 -1.4953e+00
1.1802e-01 1.3115e+01 -1.4952e+00
1.1883e-01 1.2980e+01 -1.4950e+00
1.1966e-01 1.2846e+01 -1.4949e+00
1.2049e-01 1.2714e+01 -1.4948e+00
1.2133e-01 1.2583e+01 -1.4946e+00
1.2217e-01 1.2454e+01 -1.4945e+00
1.2302e-01 1.2326e+01 -1.4943e+00
1.2387e-01 1.2199e+01 -1.4942e+00
1.2473e-01 1.2074e+01 -1.4940e+00
1.2559e-01 1.1950e+01 -1.4939e+00
1.2647e-01 1.1827e+01 -1.4937e+00
1.2734e-01 1.1705e+01 -1.4935e+00
1.2823e-01 1.1585e+01 -1.4934e+00
1.2912e-01 1.1466e+01 -1.4932e+00
1.3001e-01 1.1348e+01 -1.4930e+00
1.3091e-01 1.1232e+01 -1.4929e+00
1.3182e-01 1.1116e+01 -1.4927e+00
1.3274e-01 1.1002e+01 -1.4925e+00
1.3366e-01 1.0889e+01 -1.4923e+00
1.3459e-01 1.0777e+01 -1.4921e+00
1.3552e-01 1.0667e+01 -1.4919e+00
1.3646e-01 1.0557e+01 -1.4917e+00
1.3741e-01 1.0449e+01 -1.4915e+00
1.3836e-01 1.0342e+01 -1.4913e+00
1.3932e-01 1.0236e+01 -1.4911e+00
1.4029e-01 1.0131e+01 -1.4909e+00
1.4126e-01 1.0027e+01 -1.4907e+00
1.4224e-01 9.9240e+00 -1.4905e+00
1.4323e-01 9.8222e+00 -1.4902e+00
1.4422e-01 9.7215e+00 -1.4900e+00
1.4522e-01 9.6218e+00 -1.4898e+00
1.4623e-01 9.5232e+00 -1.4895e+00
1.4725e-01 9.4256e+00 -1.4893e+00
1.4827e-01 9.3291e+00 -1.4890e+00
1.4930e-01 9.2335e+00 -1.4888e+00
1.5033e-01 9.1389e+00 -1.4885e+00
1.5138e-01 9.0454e+00 -1.4882e+00
1.5243e-01 8.9527e+00 -1.4880e+00
1.5349e-01 8.8611e+00 -1.4877e+00
1.5455e-01 8.7704e+00 -1.4874e+00
1.5562e-01 8.6807e+00 -1.4871e+00
1.5670e-01 8.5919e+00 -1.4868e+00
1.5779e-01 8.5040e+00 -1.4865e+00
1.5889e-01 8.4170e+00 -1.4862e+00
1.5999e-01 8.3309e+00 -1.4859e+00
1.6110e-01 8.2458e+00 -1.4856e+00
1.6222e-01 8.1615e+00 -1.4853e+00
1.6334e-01 8.0781e+00 -1.4849e+00
1.6448e-01 7.9956e+00 -1.4846e+00
1.6562e-01 7.9139e+00 -1.4843e+00
1.6677e-01 7.8331e+00 -1.4839e+00
1.6792e-01 7.7532e+00 -1.4835e+00
1.6909e-01 7.6740e+00 -1.4832e+00
1.7026e-01 7.5957e+00 -1.4828e+00
1.7144e-01 7.5182e+00 -1.4824e+00
1.7263e-01 7.4416e+00 -1.4820e+00
1.7383e-01 7.3657e+00 -1.4816e+00
1.7504e-01 7.2906e+00 -1.4812e+00
1.7625e-01 7.2163e+00 -1.4808e+00
1.7748e-01 7.1428e+00 -1.4804e+00
1.7871e-01 7.0701e+00 -1.4800e+00
1.7995e-01 6.9981e+00 -1.4795e+00
1.8120e-01 6.9269e+00 -1.4791e+00
1.8245e-01 6.8564e+00 -1.4786e+00
1.8372e-01 6.7866e+00 -1.4782e+00
1.8500e-01 6.7176e+00 -1.4777e+00
1.8628e-01 6.6493e+00 -1.4772e+00
1.8757e-01 6.5818e+00 -1.4767e+00
1.8887e-01 6.5149e+00 -1.4762e+00
1.9018e-01 6.4487e+00 -1.4757e+00
1.9150e-01 6.3833e+00 -1.4752e+00
1.9283e-01 6.3185e+00 -1.4746e+00
1.9417e-01 6.2544e+00 -1.4741e+00
1.9552e-01 6.1910e+00 -1.4735e+00
1.9688e-01 6.1282e+00 -1.4730e+00
1.9824e-01 6.0661e+00 -1.4724e+00
1.9962e-01 6.0047e+00 -1.4718e+00
2.0100e-01 5.9439e+00 -1.4712e+00
2.0240e-01 5.8837e+00 -1.4706e+00
2.0380e-01 5.8242e+00 -1.4700e+00
2.0522e-01 5.7653e+00 -1.4693e+00
2.0664e-01 5.7070e+00 -1.4687e+00
2.0807e-01 5.6494e+00 -1.4680e+00
2.0952e-01 5.5923e+00 -1.4673e+00
2.1097e-01 5.5359e+00 -1.4666e+00
2.1244e-01 5.4800e+00 -1.4659e+00
2.1391e-01 5.4248e+00 -1.4652e+00
2.1540e-01 5.3701e+00 -1.4645e+00
2.1689e-01 5.3160e+00 -1.4637e+00
2.1840e-01 5.2625e+00 -1.4630e+00
2.1991e-01 5.2095e+00 -1.4622e+00
2.2144e-01 5.1571e+00 -1.4614e+00
2.2297e-01 5.1053e+00 -1.4606e+00
2.2452e-01 5.0540e+00 -1.4597e+00
2.2608e-01 5.0032e+00 -1.4589e+00
2.2765e-01 4.9530e+00 -1.4580e+00
2.2923e-01 4.9033e+00 -1.4572e+00
2.3082e-01 4.8542e+00 -1.4563e+00
2.3242e-01 4.8056e+00 -1.4554e+00
2.3403e-01 4.7574e+00 -1.4544e+00
2.3566e-01 4.7098e+00 -1.4535e+00
2.3729e-01 4.6628e+00 -1.4525e+00
2.3894e-01 4.6162e+00 -1.4515e+00
2.4060e-01 4.5701e+00 -1.4505e+00
2.4227e-01 4.5245e+00 -1.4495e+00
2.4395e-01 4.4794e+00 -1.4485e+00
2.4564e-01 4.4347e+00 -1.4474e+00
2.4735e-01 4.3906e+00 -1.4463e+00
2.4906e-01 4.3469e+00 -1.4452e+00
2.5079e-01 4.3037e+00 -1.4441e+00
2.5253e-01 4.2609e+00 -1.4429e+00
2.5428e-01 4.2187e+00 -1.4417e+00
2.5605e-01 4.1768e+00 -1.4405e+00
2.5783e-01 4.1354e+00 -1.4393e+00
2.5961e-01 4.0945e+00 -1.4381e+00
2.6142e-01 4.0540e+00 -1.4368e+00
2.6323e-01 4.0139e+00 -1.4355e+00
2.6506e-01 3.9743e+00 -1.4342e+00
2.6690e-01 3.9351e+00 -1.4329e+00
2.6875e-01 3.8963e+00 -1.4315e+00
2.7061e-01 3.8579e+00 -1.4301e+00
2.7249e-01 3.8200e+00 -1.4287e+00
2.7438e-01 3.7825e+00 -1.4272e+00
2.7629e-01 3.7453e+00 -1.4257e+00
2.7820e-01 3.7086e+00 -1.4242e+00
2.8014e-01 3.6723e+00 -1.4227e+00
2.8208e-01 3.6363e+00 -1.4211e+00
2.8404e-01 3.6008e+00 -1.4195e+00
2.8601e-01 3.5656e+00 -1.4179e+00
2.8799e-01 3.5309e+00 -1.4163e+00
2.8999e-01 3.4965e+00 -1.4146e+00
2.9200e-01 3.4624e+00 -1.4129e+00
2.9403e-01 3.4288e+00 -1.4111e+00
2.9607e-01 3.3955e+00 -1.4094e+00
2.9813e-01 3.3626e+00 -1.4075e+00
3.0019e-01 3.3301e+00 -1.4057e+00
3.0228e-01 3.2979e+00 -1.4038e+00
3.0437e-01 3.2660e+00 -1.4019e+00
3.0649e-01 3.2345e+00 -1.3999e+00
3.0861e-01 3.2034e+00 -1.3980e+00
3.1076e-01 3.1726e+00 -1.3959e+00
3.1291e-01 3.1421e+00 -1.3939e+00
3.1508e-01 3.1120e+00 -1.3918e+00
3.1727e-01 3.0822e+00 -1.3896e+00
3.1947e-01 3.0528e+00 -1.3875e+00
3.2169e-01 3.0236e+00 -1.3853e+00
3.2392e-01 2.9948e+00 -1.3830e+00
3.2617e-01 2.9664e+00 -1.3807e+00
3.2843e-01 2.9382e+00 -1.3784e+00
3.3071e-01 2.9103e+00 -1.3760e+00
3.3301e-01 2.8828e+00 -1.3736e+00
3.3532e-01 2.8556e+00 -1.3711e+00
3.3764e-01 2.8286e+00 -1.3686e+00
3.3999e-01 2.8020e+00 -1.3661e+00
3.4235e-01 2.7757e+00 -1.3635e+00
3.4472e-01 2.7497e+00 -1.3608e+00
3.4712e-01 2.7239e+00 -1.3582e+00
3.4952e-01 2.6985e+00 -1.3554e+00
3.5195e-01 2.6733e+00 -1.3527e+00
3.5439e-01 2.6485e+00 -1.3498e+00
3.5685e-01 2.6239e+00 -1.3470e+00
3.5933e-01 2.5996e+00 -1.3441e+00
3.6182e-01 2.5756e+00 -1.3411e+00
3.6433e-01 2.5518e+00 -1.3381e+00
3.6686e-01 2.5283e+00 -1.3350e+00
3.6941e-01 2.5051e+00 -1.3319e+00
3.7197e-01 2.4822e+00 -1.3287e+00
3.7455e-01 2.4595e+00 -1.3255e+00
3.7715e-01 2.4371e+00 -1.3222e+00
3.7977e-01 2.4149e+00 -1.3189e+00
3.8240e-01 2.3930e+00 -1.3155e+00
3.8506e-01 2.3714e+00 -1.3121e+00
3.8773e-01 2.3500e+00 -1.3086e+00
3.9042e-01 2.3289e+00 -1.3050e+00
3.9313e-01 2.3080e+00 -1.3014e+00
3.9586e-01 2.2873e+00 -1.2978e+00
3.9861e-01 2.2669e+00 -1.2941e+00
4.0137e-01 2.2467e+00 -1.2903e+00
4.0416e-01 2.2268e+00 -1.2865e+00
4.0696e-01 2.2071e+00 -1.2826e+00
4.0979e-01 2.1877e+00 -1.2786e+00
4.1263e-01 2.1684e+00 -1.2746e+00
4.1549e-01 2.1494e+00 -1.2706e+00
4.1838e-01 2.1307e+00 -1.2664e+00
4.2128e-01 2.1121e+00 -1.2622e+00
4.2420e-01 2.0938e+00 -1.2580e+00
4.2715e-01 2.0757e+00 -1.2537e+00
4.3011e-01 2.0578e+00 -1.2493e+00
4.3310e-01 2.0401e+00 -1.2449e+00
4.3610e-01 2.0227e+00 -1.2404e+00
4.3913e-01 2.0054e+00 -1.2358e+00
4.4218e-01 1.9884e+00 -1.2312e+00
4.4524e-01 1.9716e+00 -1.2265e+00
4.4833e-01 1.9549e+00 -1.2218e+00
4.5144e-01 1.9385e+00 -1.2170e+00
4.5458e-01 1.9223e+00 -1.2121e+00
4.5773e-01 1.9063e+00 -1.2072e+00
4.6091e-01 1.8905e+00 -1.2022e+00
4.6411e-01 1.8749e+00 -1.1971e+00
4.6733e-01 1.8594e+00 -1.1920e+00
4.7057e-01 1.8442e+00 -1.1868e+00
4.7384e-01 1.8292e+00 -1.1815e+00
4.7713e-01 1.8143e+00 -1.1762e+00
4.8044e-01 1.7996e+00 -1.1708e+00
4.8377e-01 1.7852e+00 -1.1654e+00
4.8713e-01 1.7709e+00 -1.1599e+00
4.9051e-01 1.7568e+00 -1.1543e+00
4.9391e-01 1.7428e+00 -1.1486e+00
4.9734e-01 1.7291e+00 -1.1429e+00
5.0079e-01 1.7155e+00 -1.1372e+00
5.0427e-01 1.7021e+00 -1.1313e+00
5.0777e-01 1.6889e+00 -1.1254e+00
5.1129e-01 1.6758e+00 -1.1195e+00
5.1484e-01 1.6629e+00 -1.1135e+00
5.1841e-01 1.6502e+00 -1.1074e+00
5.2201e-01 1.6376e+00 -1.1012e+00
5.2563e-01 1.6252e+00 -1.0950e+00
5.2928e-01 1.6130e+00 -1.0888e+00
5.3295e-01 1.6009e+00 -1.0824e+00
5.3665e-01 1.5890e+00 -1.0760e+00
5.4037e-01 1.5773e+00 -1.0696e+00
5.4412e-01 1.5657e+00 -1.0631e+00
5.4790e-01 1.5543e+00 -1.0565e+00
5.5170e-01 1.5430e+00 -1.0499e+00
5.5553e-01 1.5319e+00 -1.0432e+00
5.5939e-01 1.5209e+00 -1.0365e+00
5.6327e-01 1.5101e+00 -1.0297e+00
5.6718e-01 1.4994e+00 -1.0229e+00
5.7111e-01 1.4888e+00 -1.0160e+00
5.7508e-01 1.4785e+00 -1.0091e+00
5.7907e-01 1.4682e+00 -1.0021e+00
5.8309e-01 1.4581e+00 -9.9503e-01
5.8713e-01 1.4481e+00 -9.8794e-01
5.9121e-01 1.4383e+00 -9.8081e-01
5.9531e-01 1.4286e+00 -9.7362e-01
5.9944e-01 1.4191e+00 -9.6639e-01
6.0360e-01 1.4097e+00 -9.5912e-01
6.0779e-01 1.4004e+00 -9.5180e-01
6.1201e-01 1.3912e+00 -9.4445e-01
6.1625e-01 1.3822e+00 -9.3705e-01
6.2053e-01 1.3733e+00 -9.2961e-01
6.2484e-01 1.3645e+00 -9.2214e-01
6.2917e-01 1.3559e+00 -9.1463e-01
6.3354e-01 1.3474e+00 -9.0708e-01
6.3794e-01 1.3390e+00 -8.9951e-01
6.4236e-01 1.3307e+00 -8.9190e-01
6.4682e-01 1.3226e+00 -8.8426e-01
6.5131e-01 1.3146e+00 -8.7659e-01
6.5583e-01 1.3066e+00 -8.6890e-01
6.6038e-01 1.2989e+00 -8.6118e-01
6.6496e-01 1.2912e+00 -8.5343e-01
6.6958e-01 1.2836e+00 -8.4566e-01
6.7422e-01 1.2762e+00 -8.3788e-01
6.7890e-01 1.2688e+00 -8.3007e-01
6.8361e-01 1.2616e+00 -8.2225e-01
6.8836e-01 1.2545e+00 -8.1441e-01
6.9313e-01 1.2475e+00 -8.0656e-01
6.9795e-01 1.2406e+00 -7.9870e-01
7.0279e-01 1.2338e+00 -7.9082e-01
7.0767e-01 1.2271e+00 -7.8294e-01
7.1258e-01 1.2205e+00 -7.7505e-01
7.1752e-01 1.2140e+00 -7.6716e-01
7.2250e-01 1.2076e+00 -7.5926e-01
7.2751e-01 1.2013e+00 -7.5136e-01
7.3256e-01 1.1951e+00 -7.4346e-01
7.3765e-01 1.1890e+00 -7.3557e-01
7.4277e-01 1.1830e+00 -7.2767e-01
7.4792e-01 1.1771e+00 -7.1979e-01
7.5311e-01 1.1713e+00 -7.1191e-01
7.5834e-01 1.1656e+00 -7.0404e-01
7.6360e-01 1.1599e+00 -6.9618e-01
7.6890e-01 1.1544e+00 -6.8833e-01
7.7424e-01 1.1489e+00 -6.8050e-01
7.7961e-01 1.1436e+00 -6.7268e-01
7.8502e-01 1.1383e+00 -6.6488e-01
7.9047e-01 1.1331e+00 -6.5710e-01
7.9595e-01 1.1280e+00 -6.4934e-01
8.0148e-01 1.1230e+00 -6.4161e-01
8.0704e-01 1.1180e+00 -6.3390e-01
8.1264e-01 1.1132e+00 -6.2621e-01
8.1828e-01 1.1084e+00 -6.1855e-01
8.2396e-01 1.1037e+00 -6.1092e-01
8.2967e-01 1.0991e+00 -6.0332e-01
8.3543e-01 1.0945e+00 -5.9576e-01
8.4123e-01 1.0901e+00 -5.8822e-01
8.4707e-01 1.0857e+00 -5.8072e-01
8.5294e-01 1.0813e+00 -5.7326e-01
8.5886e-01 1.0771e+00 -5.6584e-01
8.6482e-01 1.0729e+00 -5.5845e-01
8.7083e-01 1.0688e+00 -5.5111e-01
8.7687e-01 1.0648e+00 -5.4380e-01
8.8295e-01 1.0608e+00 -5.3654e-01
8.8908e-01 1.0569e+00 -5.2933e-01
8.9525e-01 1.0530e+00 -5.2216e-01
9.0146e-01 1.0493e+00 -5.1503e-01
9.0772e-01 1.0456e+00 -5.0795e-01
9.1402e-01 1.0419e+00 -5.0093e-01
9.2036e-01 1.0384e+00 -4.9395e-01
9.2675e-01 1.0348e+00 -4.8702e-01
9.3318e-01 1.0314e+00 -4.8014e-01
9.3966e-01 1.0280e+00 -4.7332e-01
9.4618e-01 1.0247e+00 -4.6655e-01
9.5274e-01 1.0214e+00 -4.5983e-01
9.5936e-01 1.0182e+00 -4.5317e-01
9.6601e-01 1.0150e+00 -4.4657e-01
9.7272e-01 1.0119e+00 -4.4002e-01
9.7947e-01 1.0088e+00 -4.3353e-01
9.8626e-01 1.0058e+00 -4.2709e-01
9.9311e-01 1.0029e+00 -4.2072e-01
1.0000e+00 1.0000e+00 -4.1440e-01
