9.9900e-04 1.9034e+04 -1.6116e+00
1.0059e-03 1.8823e+04 -1.6110e+00
1.0129e-03 1.8615e+04 -1.6104e+00
1.0199e-03 1.8408e+04 -1.6098e+00
1.0270e-03 1.8205e+04 -1.6092e+00
1.0341e-03 1.8003e+04 -1.6086e+00
1.0413e-03 1.7804e+04 -1.6080e+00
1.0486e-03 1.7607e+04 -1.6074e+00
1.0558e-03 1.7413e+04 -1.6069e+00
1.0632e-03 1.7220e+04 -1.6063e+00
1.0705e-03 1.7030e+04 -1.6057e+00
1.0780e-03 1.6842e+04 -1.6051e+00
1.0854e-03 1.6656e+04 -1.6046e+00
1.0930e-03 1.6472e+04 -1.6040e+00
1.1006e-03 1.6291e+04 -1.6034e+00
1.1082e-03 1.6111e+04 -1.6029e+00
1.1159e-03 1.5933e+04 -1.6023e+00
1.1236e-03 1.5758e+04 -1.6017e+00
1.1314e-03 1.5584e+04 -1.6012e+00
1.1393e-03 1.5413e+04 -1.6006e+00
1.1472e-03 1.5243e+04 -1.6001e+00
1.1551e-03 1.5075e+04 -1.5995e+00
1.1632e-03 1.4910e+04 -1.5990e+00
1.1712e-03 1.4746e+04 -1.5984e+00
1.1794e-03 1.4584e+04 -1.5979e+00
1.1875e-03 1.4423e+04 -1.5973e+00
1.1958e-03 1.4265e+04 -1.5968e+00
1.2041e-03 1.4108e+04 -1.5963e+00
1.2124e-03 1.3953e+04 -1.5957e+00
1.2209e-03 1.3800e+04 -1.5952e+00
1.2293e-03 1.3649e+04 -1.5947e+00
1.2379e-03 1.3499e+04 -1.5941e+00
1.2465e-03 1.3351e+04 -1.5936e+00
1.2551e-03 1.3205e+04 -1.5931e+00
1.2638e-03 1.3060e+04 -1.5926e+00
1.2726e-03 1.2917e+04 -1.5921e+00
1.2814e-03 1.2776e+04 -1.5915e+00
1.2903e-03 1.2636e+04 -1.5910e+00
1.2993e-03 1.2498e+04 -1.5905e+00
1.3083e-03 1.2361e+04 -1.5900e+00
1.3174e-03 1.2226e+04 -1.5895e+00
1.3265e-03 1.2092e+04 -1.5890e+00
1.3357e-03 1.1960e+04 -1.5885e+00
1.3450e-03 1.1830e+04 -1.5880e+00
1.3543e-03 1.1700e+04 -1.5875e+00
1.3637e-03 1.1573e+04 -1.5870e+00
1.3732e-03 1.1446e+04 -1.5865e+00
1.3827e-03 1.1321e+04 -1.5860e+00
1.3923e-03 1.1198e+04 -1.5855e+00
1.4020e-03 1.1076e+04 -1.5850e+00
1.4117e-03 1.0955e+04 -1.5845e+00
1.4215e-03 1.0836e+04 -1.5841e+00
1.4313e-03 1.0718e+04 -1.5836e+00
1.4413e-03 1.0601e+04 -1.5831e+00
1.4513e-03 1.0486e+04 -1.5826e+00
1.4614e-03 1.0371e+04 -1.5822e+00
1.4715e-03 1.0259e+04 -1.5817e+00
1.4817e-03 1.0147e+04 -1.5812e+00
1.4920e-03 1.0037e+04 -1.5807e+00
1.5023e-03 9.9276e+03 -1.5803e+00
1.5128e-03 9.8197e+03 -1.5798e+00
1.5233e-03 9.7130e+03 -1.5794e+00
1.5338e-03 9.6075e+03 -1.5789e+00
1.5445e-03 9.5032e+03 -1.5784e+00
1.5552e-03 9.4000e+03 -1.5780e+00
1.5660e-03 9.2980e+03 -1.5775e+00
1.5769e-03 9.1972e+03 -1.5771e+00
1.5878e-03 9.0974e+03 -1.5766e+00
1.5988e-03 8.9988e+03 -1.5762e+00
1.6099e-03 8.9012e+03 -1.5757e+00
1.6211e-03 8.8048e+03 -1.5753e+00
1.6323e-03 8.7094e+03 -1.5749e+00
1.6437e-03 8.6150e+03 -1.5744e+00
1.6551e-03 8.5218e+03 -1.5740e+00
1.6666e-03 8.4295e+03 -1.5736e+00
1.6781e-03 8.3383e+03 -1.5731e+00
1.6898e-03 8.2481e+03 -1.5727e+00
1.7015e-03 8.1589e+03 -1.5723e+00
1.7133e-03 8.0707e+03 -1.5718e+00
1.7252e-03 7.9834e+03 -1.5714e+00
1.7372e-03 7.8971e+03 -1.5710e+00
1.7492e-03 7.8118e+03 -1.5706e+00
1.7614e-03 7.7274e+03 -1.5702e+00
1.7736e-03 7.6440e+03 -1.5698e+00
1.7859e-03 7.5615e+03 -1.5693e+00
1.7983e-03 7.4799e+03 -1.5689e+00
1.8108e-03 7.3991e+03 -1.5685e+00
1.8233e-03 7.3193e+03 -1.5681e+00
1.8360e-03 7.2404e+03 -1.5677e+00
1.8487e-03 7.1623e+03 -1.5673e+00
1.8616e-03 7.0851e+03 -1.5669e+00
1.8745e-03 7.0088e+03 -1.5665e+00
1.8875e-03 6.9333e+03 -1.5661e+00
1.9006e-03 6.8586e+03 -1.5657e+00
1.9138e-03 6.7847e+03 -1.5653e+00
1.9270e-03 6.7117e+03 -1.5649e+00
1.9404e-03 6.6394e+03 -1.5646e+00
1.9539e-03 6.5680e+03 -1.5642e+00
1.9674e-03 6.4973e+03 -1.5638e+00
1.9811e-03 6.4275e+03 -1.5634e+00
1.9948e-03 6.3584e+03 -1.5630e+00
2.0087e-03 6.2900e+03 -1.5626e+00
2.0226e-03 6.2224e+03 -1.5623e+00
2.0367e-03 6.1556e+03 -1.5619e+00
2.0508e-03 6.0894e+03 -1.5615e+00
2.0650e-03 6.0240e+03 -1.5611e+00
2.0794e-03 5.9593e+03 -1.5608e+00
2.0938e-03 5.8954e+03 -1.5604e+00
2.1083e-03 5.8321e+03 -1.5600e+00
2.1230e-03 5.7695e+03 -1.5597e+00
2.1377e-03 5.7076e+03 -1.5593e+00
2.1525e-03 5.6464e+03 -1.5590e+00
2.1675e-03 5.5859e+03 -1.5586e+00
2.1825e-03 5.5260e+03 -1.5583e+00
2.1976e-03 5.4668e+03 -1.5579e+00
2.2129e-03 5.4082e+03 -1.5575e+00
2.2283e-03 5.3503e+03 -1.5572e+00
2.2437e-03 5.2930e+03 -1.5568e+00
2.2593e-03 5.2363e+03 -1.5565e+00
2.2750e-03 5.1802e+03 -1.5562e+00
2.2908e-03 5.1248e+03 -1.5558e+00
2.3067e-03 5.0700e+03 -1.5555e+00
2.3227e-03 5.0157e+03 -1.5551e+00
2.3388e-03 4.9621e+03 -1.5548e+00
2.3550e-03 4.9090e+03 -1.5545e+00
2.3713e-03 4.8565e+03 -1.5541e+00
2.3878e-03 4.8046e+03 -1.5538e+00
2.4044e-03 4.7533e+03 -1.5535e+00
2.4211e-03 4.7025e+03 -1.5531e+00
2.4379e-03 4.6522e+03 -1.5528e+00
2.4548e-03 4.6026e+03 -1.5525e+00
2.4718e-03 4.5534e+03 -1.5522e+00
2.4890e-03 4.5048e+03 -1.5518e+00
2.5062e-03 4.4567e+03 -1.5515e+00
2.5236e-03 4.4092e+03 -1.5512e+00
2.5411e-03 4.3621e+03 -1.5509e+00
2.5588e-03 4.3156e+03 -1.5506e+00
2.5765e-03 4.2696e+03 -1.5503e+00
2.5944e-03 4.2240e+03 -1.5500e+00
2.6124e-03 4.1790e+03 -1.5496e+00
2.6306e-03 4.1345e+03 -1.5493e+00
2.6488e-03 4.0904e+03 -1.5490e+00
2.6672e-03 4.0468e+03 -1.5487e+00
2.6857e-03 4.0037e+03 -1.5484e+00
2.7043e-03 3.9611e+03 -1.5481e+00
2.7231e-03 3.9189e+03 -1.5478e+00
2.7420e-03 3.8772e+03 -1.5475e+00
2.7610e-03 3.8359e+03 -1.5472e+00
2.7802e-03 3.7951e+03 -1.5469e+00
2.7995e-03 3.7547e+03 -1.5467e+00
2.8189e-03 3.7148e+03 -1.5464e+00
2.8385e-03 3.6752e+03 -1.5461e+00
2.8582e-03 3.6362e+03 -1.5458e+00
2.8780e-03 3.5975e+03 -1.5455e+00
2.8980e-03 3.5593e+03 -1.5452e+00
2.9181e-03 3.5214e+03 -1.5449e+00
2.9383e-03 3.4840e+03 -1.5447e+00
2.9587e-03 3.4470e+03 -1.5444e+00
2.9793e-03 3.4104e+03 -1.5441e+00
2.9999e-03 3.3742e+03 -1.5438e+00
3.0208e-03 3.3383e+03 -1.5435e+00
3.0417e-03 3.3029e+03 -1.5433e+00
3.0628e-03 3.2678e+03 -1.5430e+00
3.0841e-03 3.2331e+03 -1.5427e+00
3.1055e-03 3.1988e+03 -1.5425e+00
3.1270e-03 3.1649e+03 -1.5422e+00
3.1487e-03 3.1313e+03 -1.5419e+00
3.1706e-03 3.0981e+03 -1.5417e+00
3.1926e-03 3.0653e+03 -1.5414e+00
3.2147e-03 3.0328e+03 -1.5411e+00
3.2371e-03 3.0006e+03 -1.5409e+00
3.2595e-03 2.9688e+03 -1.5406e+00
3.2821e-03 2.9374e+03 -1.5404e+00
3.3049e-03 2.9062e+03 -1.5401e+00
3.3279e-03 2.8754e+03 -1.5399e+00
3.3509e-03 2.8450e+03 -1.5396e+00
3.3742e-03 2.8149e+03 -1.5394e+00
3.3976e-03 2.7851e+03 -1.5391e+00
3.4212e-03 2.7556e+03 -1.5389e+00
3.4449e-03 2.7264e+03 -1.5386e+00
3.4688e-03 2.6975e+03 -1.5384e+00
3.4929e-03 2.6690e+03 -1.5381e+00
3.5172e-03 2.6408e+03 -1.5379e+00
3.5416e-03 2.6128e+03 -1.5376e+00
3.5661e-03 2.5852e+03 -1.5374e+00
3.5909e-03 2.5579e+03 -1.5372e+00
3.6158e-03 2.5308e+03 -1.5369e+00
3.6409e-03 2.5041e+03 -1.5367e+00
3.6662e-03 2.4776e+03 -1.5365e+00
3.6916e-03 2.4514e+03 -1.5362e+00
3.7172e-03 2.4255e+03 -1.5360e+00
3.7430e-03 2.3999e+03 -1.5358e+00
3.7690e-03 2.3745e+03 -1.5355e+00
3.7952e-03 2.3494e+03 -1.5353e+00
3.8215e-03 2.3246e+03 -1.5351e+00
3.8480e-03 2.3001e+03 -1.5349e+00
3.8747e-03 2.2758e+03 -1.5346e+00
3.9016e-03 2.2518e+03 -1.5344e+00
3.9287e-03 2.2280e+03 -1.5342e+00
3.9559e-03 2.2045e+03 -1.5340e+00
3.9834e-03 2.1812e+03 -1.5338e+00
4.0110e-03 2.1582e+03 -1.5335e+00
4.0389e-03 2.1355e+03 -1.5333e+00
4.0669e-03 2.1129e+03 -1.5331e+00
4.0951e-03 2.0906e+03 -1.5329e+00
4.1235e-03 2.0686e+03 -1.5327e+00
4.1522e-03 2.0468e+03 -1.5325e+00
4.1810e-03 2.0252e+03 -1.5323e+00
4.2100e-03 2.0039e+03 -1.5321e+00
4.2392e-03 1.9828e+03 -1.5319e+00
4.2686e-03 1.9619e+03 -1.5317e+00
4.2982e-03 1.9412e+03 -1.5315e+00
4.3281e-03 1.9207e+03 -1.5313e+00
4.3581e-03 1.9005e+03 -1.5310e+00
4.3884e-03 1.8805e+03 -1.5308e+00
4.4188e-03 1.8607e+03 -1.5307e+00
4.4495e-03 1.8411e+03 -1.5305e+00
4.4803e-03 1.8217e+03 -1.5303e+00
4.5114e-03 1.8025e+03 -1.5301e+00
4.5427e-03 1.7836e+03 -1.5299e+00
4.5743e-03 1.7648e+03 -1.5297e+00
4.6060e-03 1.7462e+03 -1.5295e+00
4.6380e-03 1.7279e+03 -1.5293e+00
4.6702e-03 1.7097e+03 -1.5291e+00
4.7026e-03 1.6917e+03 -1.5289e+00
4.7352e-03 1.6739e+03 -1.5287e+00
4.7681e-03 1.6563e+03 -1.5285e+00
4.8012e-03 1.6389e+03 -1.5284e+00
4.8345e-03 1.6217e+03 -1.5282e+00
4.8680e-03 1.6046e+03 -1.5280e+00
4.9018e-03 1.5877e+03 -1.5278e+00
4.9358e-03 1.5711e+03 -1.5276e+00
4.9701e-03 1.5546e+03 -1.5274e+00
5.0046e-03 1.5382e+03 -1.5273e+00
5.0393e-03 1.5221e+03 -1.5271e+00
5.0743e-03 1.5061e+03 -1.5269e+00
5.1095e-03 1.4903e+03 -1.5267e+00
5.1449e-03 1.4746e+03 -1.5266e+00
5.1806e-03 1.4591e+03 -1.5264e+00
5.2166e-03 1.4438e+03 -1.5262e+00
5.2528e-03 1.4286e+03 -1.5261e+00
5.2893e-03 1.4136e+03 -1.5259e+00
5.3260e-03 1.3988e+03 -1.5257e+00
5.3629e-03 1.3841e+03 -1.5255e+00
5.4001e-03 1.3696e+03 -1.5254e+00
5.4376e-03 1.3552e+03 -1.5252e+00
5.4753e-03 1.3410e+03 -1.5250e+00
5.5133e-03 1.3269e+03 -1.5249e+00
5.5516e-03 1.3130e+03 -1.5247e+00
5.5901e-03 1.2992e+03 -1.5246e+00
5.6289e-03 1.2856e+03 -1.5244e+00
5.6680e-03 1.2721e+03 -1.5242e+00
5.7073e-03 1.2588e+03 -1.5241e+00
5.7469e-03 1.2456e+03 -1.5239e+00
5.7868e-03 1.2325e+03 -1.5238e+00
5.8270e-03 1.2196e+03 -1.5236e+00
5.8674e-03 1.2068e+03 -1.5235e+00
5.9081e-03 1.1942e+03 -1.5233e+00
5.9491e-03 1.1817e+03 -1.5232e+00
5.9904e-03 1.1693e+03 -1.5230e+00
6.0320e-03 1.1570e+03 -1.5228e+00
6.0738e-03 1.1449e+03 -1.5227e+00
6.1160e-03 1.1329e+03 -1.5225e+00
6.1584e-03 1.1211e+03 -1.5224e+00
6.2012e-03 1.1093e+03 -1.5223e+00
6.2442e-03 1.0977e+03 -1.5221e+00
6.2875e-03 1.0862e+03 -1.5220e+00
6.3312e-03 1.0748e+03 -1.5218e+00
6.3751e-03 1.0636e+03 -1.5217e+00
6.4193e-03 1.0525e+03 -1.5215e+00
6.4639e-03 1.0414e+03 -1.5214e+00
6.5087e-03 1.0305e+03 -1.5212e+00
6.5539e-03 1.0198e+03 -1.5211e+00
6.5994e-03 1.0091e+03 -1.5210e+00
6.6452e-03 9.9853e+02 -1.5208e+00
6.6913e-03 9.8809e+02 -1.5207e+00
6.7377e-03 9.7775e+02 -1.5206e+00
6.7845e-03 9.6752e+02 -1.5204e+00
6.8316e-03 9.5740e+02 -1.5203e+00
6.8790e-03 9.4739e+02 -1.5202e+00
6.9267e-03 9.3748e+02 -1.5200e+00
6.9748e-03 9.2768e+02 -1.5199e+00
7.0232e-03 9.1798e+02 -1.5198e+00
7.0719e-03 9.0838e+02 -1.5196e+00
7.1210e-03 8.9889e+02 -1.5195e+00
7.1704e-03 8.8949e+02 -1.5194e+00
7.2202e-03 8.8019e+02 -1.5192e+00
7.2703e-03 8.7099e+02 -1.5191e+00
7.3208e-03 8.6189e+02 -1.5190e+00
7.3716e-03 8.5289e+02 -1.5189e+00
7.4227e-03 8.4398e+02 -1.5187e+00
7.4742e-03 8.3516e+02 -1.5186e+00
7.5261e-03 8.2643e+02 -1.5185e+00
7.5783e-03 8.1780e+02 -1.5184e+00
7.6309e-03 8.0926e+02 -1.5182e+00
7.6839e-03 8.0081e+02 -1.5181e+00
7.7372e-03 7.9244e+02 -1.5180e+00
7.7909e-03 7.8417e+02 -1.5179e+00
7.8450e-03 7.7598e+02 -1.5178e+00
7.8994e-03 7.6788e+02 -1.5176e+00
7.9542e-03 7.5986e+02 -1.5175e+00
8.0094e-03 7.5193e+02 -1.5174e+00
8.0650e-03 7.4408e+02 -1.5173e+00
8.1210e-03 7.3631e+02 -1.5172e+00
8.1773e-03 7.2863e+02 -1.5171e+00
8.2341e-03 7.2102e+02 -1.5170e+00
8.2912e-03 7.1350e+02 -1.5168e+00
8.3487e-03 7.0605e+02 -1.5167e+00
8.4067e-03 6.9869e+02 -1.5166e+00
8.4650e-03 6.9140e+02 -1.5165e+00
8.5238e-03 6.8418e+02 -1.5164e+00
8.5829e-03 6.7705e+02 -1.5163e+00
8.6425e-03 6.6998e+02 -1.5162e+00
8.7025e-03 6.6300e+02 -1.5161e+00
8.7628e-03 6.5608e+02 -1.5160e+00
8.8237e-03 6.4924e+02 -1.5159e+00
8.8849e-03 6.4247e+02 -1.5158e+00
8.9466e-03 6.3577e+02 -1.5156e+00
9.0086e-03 6.2914e+02 -1.5155e+00
9.0712e-03 6.2258e+02 -1.5154e+00
9.1341e-03 6.1609e+02 -1.5153e+00
9.1975e-03 6.0967e+02 -1.5152e+00
9.2613e-03 6.0331e+02 -1.5151e+00
9.3256e-03 5.9703e+02 -1.5150e+00
9.3903e-03 5.9080e+02 -1.5149e+00
9.4555e-03 5.8465e+02 -1.5148e+00
9.5211e-03 5.7855e+02 -1.5147e+00
9.5872e-03 5.7252e+02 -1.5146e+00
9.6537e-03 5.6656e+02 -1.5145e+00
9.7207e-03 5.6066e+02 -1.5144e+00
9.7881e-03 5.5481e+02 -1.5143e+00
9.8561e-03 5.4903e+02 -1.5142e+00
9.9245e-03 5.4332e+02 -1.5141e+00
9.9933e-03 5.3766e+02 -1.5141e+00
1.0063e-02 5.3206e+02 -1.5140e+00
1.0133e-02 5.2651e+02 -1.5139e+00
1.0203e-02 5.2103e+02 -1.5138e+00
1.0274e-02 5.1561e+02 -1.5137e+00
1.0345e-02 5.1024e+02 -1.5136e+00
1.0417e-02 5.0492e+02 -1.5135e+00
1.0489e-02 4.9967e+02 -1.5134e+00
1.0562e-02 4.9446e+02 -1.5133e+00
1.0635e-02 4.8932e+02 -1.5132e+00
1.0709e-02 4.8422e+02 -1.5131e+00
1.0783e-02 4.7918e+02 -1.5130e+00
1.0858e-02 4.7419e+02 -1.5130e+00
1.0933e-02 4.6926e+02 -1.5129e+00
1.1009e-02 4.6437e+02 -1.5128e+00
1.1086e-02 4.5954e+02 -1.5127e+00
1.1163e-02 4.5476e+02 -1.5126e+00
1.1240e-02 4.5003e+02 -1.5125e+00
1.1318e-02 4.4534e+02 -1.5124e+00
1.1397e-02 4.4071e+02 -1.5124e+00
1.1476e-02 4.3613e+02 -1.5123e+00
1.1555e-02 4.3159e+02 -1.5122e+00
1.1636e-02 4.2710e+02 -1.5121e+00
1.1716e-02 4.2266e+02 -1.5120e+00
1.1798e-02 4.1826e+02 -1.5120e+00
1.1879e-02 4.1391e+02 -1.5119e+00
1.1962e-02 4.0960e+02 -1.5118e+00
1.2045e-02 4.0534e+02 -1.5117e+00
1.2128e-02 4.0113e+02 -1.5116e+00
1.2213e-02 3.9696e+02 -1.5116e+00
1.2297e-02 3.9283e+02 -1.5115e+00
1.2383e-02 3.8874e+02 -1.5114e+00
1.2469e-02 3.8470e+02 -1.5113e+00
1.2555e-02 3.8070e+02 -1.5112e+00
1.2642e-02 3.7674e+02 -1.5112e+00
1.2730e-02 3.7283e+02 -1.5111e+00
1.2818e-02 3.6895e+02 -1.5110e+00
1.2907e-02 3.6512e+02 -1.5109e+00
1.2997e-02 3.6132e+02 -1.5109e+00
1.3087e-02 3.5757e+02 -1.5108e+00
1.3178e-02 3.5385e+02 -1.5107e+00
1.3269e-02 3.5017e+02 -1.5107e+00
1.3361e-02 3.4653e+02 -1.5106e+00
1.3454e-02 3.4293e+02 -1.5105e+00
1.3548e-02 3.3937e+02 -1.5104e+00
1.3642e-02 3.3584e+02 -1.5104e+00
1.3736e-02 3.3235e+02 -1.5103e+00
1.3832e-02 3.2890e+02 -1.5102e+00
1.3928e-02 3.2548e+02 -1.5102e+00
1.4024e-02 3.2210e+02 -1.5101e+00
1.4122e-02 3.1875e+02 -1.5100e+00
1.4220e-02 3.1544e+02 -1.5100e+00
1.4318e-02 3.1217e+02 -1.5099e+00
1.4418e-02 3.0892e+02 -1.5098e+00
1.4518e-02 3.0571e+02 -1.5097e+00
1.4618e-02 3.0254e+02 -1.5097e+00
1.4720e-02 2.9940e+02 -1.5096e+00
1.4822e-02 2.9629e+02 -1.5096e+00
1.4925e-02 2.9321e+02 -1.5095e+00
1.5028e-02 2.9017e+02 -1.5094e+00
1.5133e-02 2.8715e+02 -1.5094e+00
1.5238e-02 2.8417e+02 -1.5093e+00
1.5343e-02 2.8122e+02 -1.5092e+00
1.5450e-02 2.7830e+02 -1.5092e+00
1.5557e-02 2.7541e+02 -1.5091e+00
1.5665e-02 2.7255e+02 -1.5090e+00
1.5774e-02 2.6972e+02 -1.5090e+00
1.5883e-02 2.6692e+02 -1.5089e+00
1.5994e-02 2.6415e+02 -1.5089e+00
1.6105e-02 2.6141e+02 -1.5088e+00
1.6216e-02 2.5870e+02 -1.5087e+00
1.6329e-02 2.5601e+02 -1.5087e+00
1.6442e-02 2.5335e+02 -1.5086e+00
1.6556e-02 2.5072e+02 -1.5086e+00
1.6671e-02 2.4812e+02 -1.5085e+00
1.6787e-02 2.4555e+02 -1.5084e+00
1.6903e-02 2.4300e+02 -1.5084e+00
1.7021e-02 2.4048e+02 -1.5083e+00
1.7139e-02 2.3798e+02 -1.5083e+00
1.7258e-02 2.3551e+02 -1.5082e+00
1.7377e-02 2.3307e+02 -1.5082e+00
1.7498e-02 2.3065e+02 -1.5081e+00
1.7619e-02 2.2826e+02 -1.5080e+00
1.7742e-02 2.2589e+02 -1.5080e+00
1.7865e-02 2.2355e+02 -1.5079e+00
1.7989e-02 2.2123e+02 -1.5079e+00
1.8114e-02 2.1893e+02 -1.5078e+00
1.8239e-02 2.1666e+02 -1.5078e+00
1.8366e-02 2.1441e+02 -1.5077e+00
1.8493e-02 2.1219e+02 -1.5077e+00
1.8622e-02 2.0999e+02 -1.5076e+00
1.8751e-02 2.0781e+02 -1.5076e+00
1.8881e-02 2.0566e+02 -1.5075e+00
1.9012e-02 2.0352e+02 -1.5075e+00
1.9144e-02 2.0141e+02 -1.5074e+00
1.9277e-02 1.9932e+02 -1.5074e+00
1.9411e-02 1.9726e+02 -1.5073e+00
1.9545e-02 1.9521e+02 -1.5073e+00
1.9681e-02 1.9319e+02 -1.5072e+00
1.9818e-02 1.9118e+02 -1.5072e+00
1.9955e-02 1.8920e+02 -1.5071e+00
2.0094e-02 1.8724e+02 -1.5071e+00
2.0233e-02 1.8530e+02 -1.5070e+00
2.0373e-02 1.8338e+02 -1.5070e+00
2.0515e-02 1.8148e+02 -1.5069e+00
2.0657e-02 1.7959e+02 -1.5069e+00
2.0801e-02 1.7773e+02 -1.5068e+00
2.0945e-02 1.7589e+02 -1.5068e+00
2.1090e-02 1.7407e+02 -1.5067e+00
2.1237e-02 1.7226e+02 -1.5067e+00
2.1384e-02 1.7048e+02 -1.5066e+00
2.1532e-02 1.6871e+02 -1.5066e+00
2.1682e-02 1.6696e+02 -1.5065e+00
2.1832e-02 1.6523e+02 -1.5065e+00
2.1984e-02 1.6352e+02 -1.5064e+00
2.2136e-02 1.6182e+02 -1.5064e+00
2.2290e-02 1.6015e+02 -1.5064e+00
2.2445e-02 1.5849e+02 -1.5063e+00
2.2600e-02 1.5684e+02 -1.5063e+00
2.2757e-02 1.5522e+02 -1.5062e+00
2.2915e-02 1.5361e+02 -1.5062e+00
2.3074e-02 1.5202e+02 -1.5061e+00
2.3234e-02 1.5044e+02 -1.5061e+00
2.3396e-02 1.4889e+02 -1.5060e+00
2.3558e-02 1.4734e+02 -1.5060e+00
2.3721e-02 1.4582e+02 -1.5060e+00
2.3886e-02 1.4431e+02 -1.5059e+00
2.4052e-02 1.4281e+02 -1.5059e+00
2.4219e-02 1.4133e+02 -1.5058e+00
2.4387e-02 1.3987e+02 -1.5058e+00
2.4556e-02 1.3842e+02 -1.5058e+00
2.4726e-02 1.3698e+02 -1.5057e+00
2.4898e-02 1.3556e+02 -1.5057e+00
2.5071e-02 1.3416e+02 -1.5056e+00
2.5245e-02 1.3277e+02 -1.5056e+00
2.5420e-02 1.3140e+02 -1.5056e+00
2.5596e-02 1.3003e+02 -1.5055e+00
2.5774e-02 1.2869e+02 -1.5055e+00
2.5953e-02 1.2736e+02 -1.5054e+00
2.6133e-02 1.2604e+02 -1.5054e+00
2.6314e-02 1.2473e+02 -1.5054e+00
2.6497e-02 1.2344e+02 -1.5053e+00
2.6681e-02 1.2216e+02 -1.5053e+00
2.6866e-02 1.2090e+02 -1.5052e+00
2.7052e-02 1.1964e+02 -1.5052e+00
2.7240e-02 1.1840e+02 -1.5052e+00
2.7429e-02 1.1718e+02 -1.5051e+00
2.7620e-02 1.1597e+02 -1.5051e+00
2.7811e-02 1.1476e+02 -1.5051e+00
2.8004e-02 1.1358e+02 -1.5050e+00
2.8199e-02 1.1240e+02 -1.5050e+00
2.8394e-02 1.1124e+02 -1.5049e+00
2.8591e-02 1.1008e+02 -1.5049e+00
2.8790e-02 1.0894e+02 -1.5049e+00
2.8989e-02 1.0782e+02 -1.5048e+00
2.9191e-02 1.0670e+02 -1.5048e+00
2.9393e-02 1.0560e+02 -1.5048e+00
2.9597e-02 1.0450e+02 -1.5047e+00
2.9803e-02 1.0342e+02 -1.5047e+00
3.0009e-02 1.0235e+02 -1.5047e+00
3.0218e-02 1.0129e+02 -1.5046e+00
3.0427e-02 1.0024e+02 -1.5046e+00
3.0638e-02 9.9205e+01 -1.5046e+00
3.0851e-02 9.8178e+01 -1.5045e+00
3.1065e-02 9.7162e+01 -1.5045e+00
3.1281e-02 9.6156e+01 -1.5045e+00
3.1498e-02 9.5161e+01 -1.5044e+00
3.1716e-02 9.4176e+01 -1.5044e+00
3.1937e-02 9.3201e+01 -1.5044e+00
3.2158e-02 9.2237e+01 -1.5043e+00
3.2381e-02 9.1282e+01 -1.5043e+00
3.2606e-02 9.0337e+01 -1.5043e+00
3.2832e-02 8.9402e+01 -1.5042e+00
3.3060e-02 8.8477e+01 -1.5042e+00
3.3290e-02 8.7562e+01 -1.5042e+00
3.3521e-02 8.6656e+01 -1.5041e+00
3.3753e-02 8.5759e+01 -1.5041e+00
3.3987e-02 8.4871e+01 -1.5041e+00
3.4223e-02 8.3993e+01 -1.5040e+00
3.4461e-02 8.3124e+01 -1.5040e+00
3.4700e-02 8.2264e+01 -1.5040e+00
3.4941e-02 8.1413e+01 -1.5039e+00
3.5183e-02 8.0571e+01 -1.5039e+00
3.5427e-02 7.9737e+01 -1.5039e+00
3.5673e-02 7.8912e+01 -1.5038e+00
3.5921e-02 7.8095e+01 -1.5038e+00
3.6170e-02 7.7288e+01 -1.5038e+00
3.6421e-02 7.6488e+01 -1.5037e+00
3.6674e-02 7.5697e+01 -1.5037e+00
3.6928e-02 7.4914e+01 -1.5037e+00
3.7185e-02 7.4139e+01 -1.5037e+00
3.7443e-02 7.3372e+01 -1.5036e+00
3.7703e-02 7.2613e+01 -1.5036e+00
3.7964e-02 7.1861e+01 -1.5036e+00
3.8228e-02 7.1118e+01 -1.5035e+00
3.8493e-02 7.0383e+01 -1.5035e+00
3.8760e-02 6.9654e+01 -1.5035e+00
3.9029e-02 6.8934e+01 -1.5034e+00
3.9300e-02 6.8221e+01 -1.5034e+00
3.9573e-02 6.7515e+01 -1.5034e+00
3.9847e-02 6.6817e+01 -1.5034e+00
4.0124e-02 6.6126e+01 -1.5033e+00
4.0402e-02 6.5442e+01 -1.5033e+00
4.0683e-02 6.4765e+01 -1.5033e+00
4.0965e-02 6.4095e+01 -1.5032e+00
4.1249e-02 6.3433e+01 -1.5032e+00
4.1535e-02 6.2777e+01 -1.5032e+00
4.1824e-02 6.2127e+01 -1.5031e+00
4.2114e-02 6.1485e+01 -1.5031e+00
4.2406e-02 6.0849e+01 -1.5031e+00
4.2700e-02 6.0220e+01 -1.5031e+00
4.2997e-02 5.9597e+01 -1.5030e+00
4.3295e-02 5.8981e+01 -1.5030e+00
4.3596e-02 5.8371e+01 -1.5030e+00
4.3898e-02 5.7767e+01 -1.5029e+00
4.4203e-02 5.7170e+01 -1.5029e+00
4.4510e-02 5.6579e+01 -1.5029e+00
4.4818e-02 5.5994e+01 -1.5029e+00
4.5129e-02 5.5415e+01 -1.5028e+00
4.5443e-02 5.4842e+01 -1.5028e+00
4.5758e-02 5.4275e+01 -1.5028e+00
4.6076e-02 5.3714e+01 -1.5027e+00
4.6395e-02 5.3159e+01 -1.5027e+00
4.6717e-02 5.2609e+01 -1.5027e+00
4.7041e-02 5.2065e+01 -1.5026e+00
4.7368e-02 5.1527e+01 -1.5026e+00
4.7697e-02 5.0994e+01 -1.5026e+00
4.8028e-02 5.0467e+01 -1.5026e+00
4.8361e-02 4.9945e+01 -1.5025e+00
4.8697e-02 4.9429e+01 -1.5025e+00
4.9034e-02 4.8918e+01 -1.5025e+00
4.9375e-02 4.8413e+01 -1.5024e+00
4.9717e-02 4.7912e+01 -1.5024e+00
5.0062e-02 4.7417e+01 -1.5024e+00
5.0410e-02 4.6927e+01 -1.5024e+00
5.0760e-02 4.6442e+01 -1.5023e+00
5.1112e-02 4.5962e+01 -1.5023e+00
5.1467e-02 4.5487e+01 -1.5023e+00
5.1824e-02 4.5017e+01 -1.5022e+00
5.2183e-02 4.4551e+01 -1.5022e+00
5.2546e-02 4.4091e+01 -1.5022e+00
5.2910e-02 4.3635e+01 -1.5021e+00
5.3277e-02 4.3184e+01 -1.5021e+00
5.3647e-02 4.2738e+01 -1.5021e+00
5.4019e-02 4.2296e+01 -1.5021e+00
5.4394e-02 4.1859e+01 -1.5020e+00
5.4772e-02 4.1427e+01 -1.5020e+00
5.5152e-02 4.0999e+01 -1.5020e+00
5.5535e-02 4.0575e+01 -1.5019e+00
5.5920e-02 4.0156e+01 -1.5019e+00
5.6308e-02 3.9741e+01 -1.5019e+00
5.6699e-02 3.9330e+01 -1.5018e+00
5.7092e-02 3.8924e+01 -1.5018e+00
5.7488e-02 3.8522e+01 -1.5018e+00
5.7887e-02 3.8124e+01 -1.5017e+00
5.8289e-02 3.7730e+01 -1.5017e+00
5.8694e-02 3.7340e+01 -1.5017e+00
5.9101e-02 3.6954e+01 -1.5016e+00
5.9511e-02 3.6572e+01 -1.5016e+00
5.9924e-02 3.6195e+01 -1.5016e+00
6.0340e-02 3.5821e+01 -1.5015e+00
6.0759e-02 3.5451e+01 -1.5015e+00
6.1180e-02 3.5084e+01 -1.5015e+00
6.1605e-02 3.4722e+01 -1.5014e+00
6.2032e-02 3.4363e+01 -1.5014e+00
6.2463e-02 3.4008e+01 -1.5014e+00
6.2896e-02 3.3657e+01 -1.5013e+00
6.3333e-02 3.3309e+01 -1.5013e+00
6.3772e-02 3.2965e+01 -1.5013e+00
6.4215e-02 3.2625e+01 -1.5012e+00
6.4660e-02 3.2288e+01 -1.5012e+00
6.5109e-02 3.1955e+01 -1.5012e+00
6.5561e-02 3.1625e+01 -1.5011e+00
6.6016e-02 3.1298e+01 -1.5011e+00
6.6474e-02 3.0975e+01 -1.5010e+00
6.6935e-02 3.0655e+01 -1.5010e+00
6.7400e-02 3.0338e+01 -1.5010e+00
6.7868e-02 3.0025e+01 -1.5009e+00
6.8339e-02 2.9715e+01 -1.5009e+00
6.8813e-02 2.9408e+01 -1.5008e+00
6.9290e-02 2.9104e+01 -1.5008e+00
6.9771e-02 2.8804e+01 -1.5008e+00
7.0255e-02 2.8507e+01 -1.5007e+00
7.0743e-02 2.8212e+01 -1.5007e+00
7.1234e-02 2.7921e+01 -1.5006e+00
7.1728e-02 2.7633e+01 -1.5006e+00
7.2226e-02 2.7347e+01 -1.5006e+00
7.2727e-02 2.7065e+01 -1.5005e+00
7.3232e-02 2.6786e+01 -1.5005e+00
7.3740e-02 2.6509e+01 -1.5004e+00
7.4252e-02 2.6236e+01 -1.5004e+00
7.4767e-02 2.5965e+01 -1.5003e+00
7.5286e-02 2.5697e+01 -1.5003e+00
7.5808e-02 2.5432e+01 -1.5002e+00
7.6335e-02 2.5169e+01 -1.5002e+00
7.6864e-02 2.4909e+01 -1.5001e+00
7.7398e-02 2.4652e+01 -1.5001e+00
7.7935e-02 2.4398e+01 -1.5000e+00
7.8476e-02 2.4146e+01 -1.5000e+00
7.9020e-02 2.3897e+01 -1.4999e+00
7.9569e-02 2.3650e+01 -1.4999e+00
8.0121e-02 2.3406e+01 -1.4998e+00
8.0677e-02 2.3165e+01 -1.4998e+00
8.1237e-02 2.2926e+01 -1.4997e+00
8.1800e-02 2.2689e+01 -1.4997e+00
8.2368e-02 2.2455e+01 -1.4996e+00
8.2940e-02 2.2223e+01 -1.4996e+00
8.3515e-02 2.1994e+01 -1.4995e+00
8.4095e-02 2.1767e+01 -1.4994e+00
8.4678e-02 2.1543e+01 -1.4994e+00
8.5266e-02 2.1320e+01 -1.4993e+00
8.5858e-02 2.1100e+01 -1.4993e+00
8.6454e-02 2.0883e+01 -1.4992e+00
8.7054e-02 2.0667e+01 -1.4991e+00
8.7658e-02 2.0454e+01 -1.4991e+00
8.8266e-02 2.0243e+01 -1.4990e+00
8.8879e-02 2.0035e+01 -1.4989e+00
8.9495e-02 1.9828e+01 -1.4989e+00
9.0116e-02 1.9623e+01 -1.4988e+00
9.0742e-02 1.9421e+01 -1.4987e+00
9.1371e-02 1.9221e+01 -1.4987e+00
9.2006e-02 1.9023e+01 -1.4986e+00
9.2644e-02 1.8827e+01 -1.4985e+00
9.3287e-02 1.8632e+01 -1.4985e+00
9.3934e-02 1.8440e+01 -1.4984e+00
9.4586e-02 1.8250e+01 -1.4983e+00
9.5243e-02 1.8062e+01 -1.4982e+00
9.5904e-02 1.7876e+01 -1.4981e+00
9.6569e-02 1.7692e+01 -1.4981e+00
9.7239e-02 1.7509e+01 -1.4980e+00
9.7914e-02 1.7329e+01 -1.4979e+00
9.8594e-02 1.7150e+01 -1.4978e+00
9.9278e-02 1.6974e+01 -1.4977e+00
9.9967e-02 1.6799e+01 -1.4976e+00
1.0066e-01 1.6626e+01 -1.4976e+00
1.0136e-01 1.6454e+01 -1.4975e+00
1.0206e-01 1.6285e+01 -1.4974e+00
1.0277e-01 1.6117e+01 -1.4973e+00
1.0348e-01 1.5951e+01 -1.4972e+00
1.0420e-01 1.5787e+01 -1.4971e+00
1.0493e-01 1.5624e+01 -1.4970e+00
1.0565e-01 1.5463e+01 -1.4969e+00
1.0639e-01 1.5304e+01 -1.4968e+00
1.0712e-01 1.5146e+01 -1.4967e+00
1.0787e-01 1.4990e+01 -1.4966e+00
1.0862e-01 1.4836e+01 -1.4965e+00
1.0937e-01 1.4683e+01 -1.4964e+00
1.1013e-01 1.4532e+01 -1.4962e+00
1.1089e-01 1.4383e+01 -1.4961e+00
1.1166e-01 1.4235e+01 -1.4960e+00
1.1244e-01 1.4088e+01 -1.4959e+00
1.1322e-01 1.3943e+01 -1.4958e+00
1.1400e-01 1.3800e+01 -1.4956e+00
1.1480e-01 1.3658e+01 -1.4955e+00
1.1559e-01 1.3517e+01 -1.4954e+00
1.1639e-01 1.3378e+01 -1.4953e+00
1.1720e-01 1.3240e+01 -1.4951e+00
1.1802e-01 1.3104e+01 -1.4950e+00
1.1883e-01 1.2969e+01 -1.4949e+00
1.1966e-01 1.2836e+01 -1.4947e+00
1.2049e-01 1.2704e+01 -1.4946e+00
1.2133e-01 1.2573e+01 -1.4944e+00
1.2217e-01 1.2444e+01 -1.4943e+00
1.2302e-01 1.2316e+01 -1.4941e+00
1.2387e-01 1.2190e+01 -1.4940e+00
1.2473e-01 1.2064e+01 -1.4938e+00
1.2559e-01 1.1940e+01 -1.4936e+00
1.2647e-01 1.1818e+01 -1.4935e+00
1.2734e-01 1.1696e+01 -1.4933e+00
1.2823e-01 1.1576e+01 -1.4931e+00
1.2912e-01 1.1457e+01 -1.4930e+00
1.3001e-01 1.1340e+01 -1.4928e+00
1.3091e-01 1.1223e+01 -1.4926e+00
1.3182e-01 1.1108e+01 -1.4924e+00
1.3274e-01 1.0994e+01 -1.4922e+00
1.3366e-01 1.0881e+01 -1.4920e+00
1.3459e-01 1.0769e+01 -1.4919e+00
1.3552e-01 1.0659e+01 -1.4917e+00
1.3646e-01 1.0549e+01 -1.4914e+00
1.3741e-01 1.0441e+01 -1.4912e+00
1.3836e-01 1.0334e+01 -1.4910e+00
1.3932e-01 1.0228e+01 -1.4908e+00
1.4029e-01 1.0123e+01 -1.4906e+00
1.4126e-01 1.0019e+01 -1.4904e+00
1.4224e-01 9.9165e+00 -1.4901e+00
1.4323e-01 9.8148e+00 -1.4899e+00
1.4422e-01 9.7142e+00 -1.4897e+00
1.4522e-01 9.6147e+00 -1.4894e+00
1.4623e-01 9.5162e+00 -1.4892e+00
1.4725e-01 9.4187e+00 -1.4889e+00
1.4827e-01 9.3222e+00 -1.4887e+00
1.4930e-01 9.2267e+00 -1.4884e+00
1.5033e-01 9.1322e+00 -1.4881e+00
1.5138e-01 9.0387e+00 -1.4879e+00
1.5243e-01 8.9462e+00 -1.4876e+00
1.5349e-01 8.8547e+00 -1.4873e+00
1.5455e-01 8.7641e+00 -1.4870e+00
1.5562e-01 8.6744e+00 -1.4867e+00
1.5670e-01 8.5857e+00 -1.4864e+00
1.5779e-01 8.4979e+00 -1.4861e+00
1.5889e-01 8.4110e+00 -1.4858e+00
1.5999e-01 8.3250e+00 -1.4855e+00
1.6110e-01 8.2400e+00 -1.4851e+00
1.6222e-01 8.1558e+00 -1.4848e+00
1.6334e-01 8.0725e+00 -1.4845e+00
1.6448e-01 7.9900e+00 -1.4841e+00
1.6562e-01 7.9084e+00 -1.4838e+00
1.6677e-01 7.8277e+00 -1.4834e+00
1.6792e-01 7.7478e+00 -1.4830e+00
1.6909e-01 7.6688e+00 -1.4827e+00
1.7026e-01 7.5906e+00 -1.4823e+00
1.7144e-01 7.5132e+00 -1.4819e+00
1.7263e-01 7.4366e+00 -1.4815e+00
1.7383e-01 7.3608e+00 -1.4811e+00
1.7504e-01 7.2858e+00 -1.4807e+00
1.7625e-01 7.2116e+00 -1.4803e+00
1.7748e-01 7.1381e+00 -1.4798e+00
1.7871e-01 7.0655e+00 -1.4794e+00
1.7995e-01 6.9936e+00 -1.4789e+00
1.8120e-01 6.9224e+00 -1.4785e+00
1.8245e-01 6.8520e+00 -1.4780e+00
1.8372e-01 6.7823e+00 -1.4775e+00
1.8500e-01 6.7134e+00 -1.4771e+00
1.8628e-01 6.6452e+00 -1.4766e+00
1.8757e-01 6.5777e+00 -1.4761e+00
1.8887e-01 6.5109e+00 -1.4755e+00
1.9018e-01 6.4448e+00 -1.4750e+00
1.9150e-01 6.3794e+00 -1.4745e+00
1.9283e-01 6.3147e+00 -1.4739e+00
1.9417e-01 6.2507e+00 -1.4734e+00
1.9552e-01 6.1873e+00 -1.4728e+00
1.9688e-01 6.1246e+00 -1.4722e+00
1.9824e-01 6.0626e+00 -1.4716e+00
1.9962e-01 6.0012e+00 -1.4710e+00
2.0100e-01 5.9405e+00 -1.4704e+00
2.0240e-01 5.8804e+00 -1.4698e+00
2.0380e-01 5.8209e+00 -1.4691e+00
2.0522e-01 5.7621e+00 -1.4685e+00
2.0664e-01 5.7039e+00 -1.4678e+00
2.0807e-01 5.6463e+00 -1.4671e+00
2.0952e-01 5.5893e+00 -1.4664e+00
2.1097e-01 5.5329e+00 -1.4657e+00
2.1244e-01 5.4771e+00 -1.4650e+00
2.1391e-01 5.4220e+00 -1.4643e+00
2.1540e-01 5.3673e+00 -1.4635e+00
2.1689e-01 5.3133e+00 -1.4628e+00
2.1840e-01 5.2598e+00 -1.4620e+00
2.1991e-01 5.2069e+00 -1.4612e+00
2.2144e-01 5.1546e+00 -1.4604e+00
2.2297e-01 5.1028e+00 -1.4596e+00
2.2452e-01 5.0516e+00 -1.4587e+00
2.2608e-01 5.0009e+00 -1.4579e+00
2.2765e-01 4.9507e+00 -1.4570e+00
2.2923e-01 4.9011e+00 -1.4561e+00
2.3082e-01 4.8520e+00 -1.4552e+00
2.3242e-01 4.8035e+00 -1.4542e+00
2.3403e-01 4.7554e+00 -1.4533e+00
2.3566e-01 4.7079e+00 -1.4523e+00
2.3729e-01 4.6608e+00 -1.4513e+00
2.3894e-01 4.6143e+00 -1.4503e+00
2.4060e-01 4.5683e+00 -1.4493e+00
2.4227e-01 4.5227e+00 -1.4483e+00
2.4395e-01 4.4777e+00 -1.4472e+00
2.4564e-01 4.4331e+00 -1.4461e+00
2.4735e-01 4.3890e+00 -1.4450e+00
2.4906e-01 4.3454e+00 -1.4439e+00
2.5079e-01 4.3022e+00 -1.4427e+00
2.5253e-01 4.2595e+00 -1.4416e+00
2.5428e-01 4.2173e+00 -1.4404e+00
2.5605e-01 4.1755e+00 -1.4392e+00
2.5783e-01 4.1342e+00 -1.4379e+00
2.5961e-01 4.0933e+00 -1.4367e+00
2.6142e-01 4.0528e+00 -1.4354e+00
2.6323e-01 4.0128e+00 -1.4341e+00
2.6506e-01 3.9732e+00 -1.4327e+00
2.6690e-01 3.9341e+00 -1.4313e+00
2.6875e-01 3.8954e+00 -1.4300e+00
2.7061e-01 3.8570e+00 -1.4285e+00
2.7249e-01 3.8191e+00 -1.4271e+00
2.7438e-01 3.7817e+00 -1.4256e+00
2.7629e-01 3.7446e+00 -1.4241e+00
2.7820e-01 3.7079e+00 -1.4226e+00
2.8014e-01 3.6716e+00 -1.4211e+00
2.8208e-01 3.6357e+00 -1.4195e+00
2.8404e-01 3.6002e+00 -1.4179e+00
2.8601e-01 3.5651e+00 -1.4162e+00
2.8799e-01 3.5304e+00 -1.4145e+00
2.8999e-01 3.4961e+00 -1.4128e+00
2.9200e-01 3.4621e+00 -1.4111e+00
2.9403e-01 3.4285e+00 -1.4093e+00
2.9607e-01 3.3952e+00 -1.4075e+00
2.9813e-01 3.3624e+00 -1.4057e+00
3.0019e-01 3.3299e+00 -1.4038e+00
3.0228e-01 3.2977e+00 -1.4019e+00
3.0437e-01 3.2659e+00 -1.4000e+00
3.0649e-01 3.2345e+00 -1.3980e+00
3.0861e-01 3.2034e+00 -1.3960e+00
3.1076e-01 3.1726e+00 -1.3940e+00
3.1291e-01 3.1422e+00 -1.3919e+00
3.1508e-01 3.1121e+00 -1.3898e+00
3.1727e-01 3.0824e+00 -1.3876e+00
3.1947e-01 3.0530e+00 -1.3854e+00
3.2169e-01 3.0239e+00 -1.3832e+00
3.2392e-01 2.9951e+00 -1.3809e+00
3.2617e-01 2.9667e+00 -1.3786e+00
3.2843e-01 2.9386e+00 -1.3763e+00
3.3071e-01 2.9107e+00 -1.3739e+00
3.3301e-01 2.8832e+00 -1.3714e+00
3.3532e-01 2.8560e+00 -1.3689e+00
3.3764e-01 2.8292e+00 -1.3664e+00
3.3999e-01 2.8026e+00 -1.3639e+00
3.4235e-01 2.7763e+00 -1.3612e+00
3.4472e-01 2.7503e+00 -1.3586e+00
3.4712e-01 2.7246e+00 -1.3559e+00
3.4952e-01 2.6992e+00 -1.3531e+00
3.5195e-01 2.6741e+00 -1.3504e+00
3.5439e-01 2.6493e+00 -1.3475e+00
3.5685e-01 2.6247e+00 -1.3446e+00
3.5933e-01 2.6004e+00 -1.3417e+00
3.6182e-01 2.5765e+00 -1.3387e+00
3.6433e-01 2.5527e+00 -1.3357e+00
3.6686e-01 2.5293e+00 -1.3326e+00
3.6941e-01 2.5061e+00 -1.3295e+00
3.7197e-01 2.4832e+00 -1.3263e+00
3.7455e-01 2.4606e+00 -1.3231e+00
3.7715e-01 2.4382e+00 -1.3198e+00
3.7977e-01 2.4161e+00 -1.3164e+00
3.8240e-01 2.3942e+00 -1.3131e+00
3.8506e-01 2.3726e+00 -1.3096e+00
3.8773e-01 2.3512e+00 -1.3061e+00
3.9042e-01 2.3301e+00 -1.3026e+00
3.9313e-01 2.3092e+00 -1.2990e+00
3.9586e-01 2.2886e+00 -1.2953e+00
3.9861e-01 2.2682e+00 -1.2916e+00
4.0137e-01 2.2481e+00 -1.2878e+00
4.0416e-01 2.2282e+00 -1.2840e+00
4.0696e-01 2.2085e+00 -1.2801e+00
4.0979e-01 2.1891e+00 -1.2761e+00
4.1263e-01 2.1699e+00 -1.2721e+00
4.1549e-01 2.1509e+00 -1.2681e+00
4.1838e-01 2.1322e+00 -1.2640e+00
4.2128e-01 2.1136e+00 -1.2598e+00
4.2420e-01 2.0953e+00 -1.2555e+00
4.2715e-01 2.0772e+00 -1.2512e+00
4.3011e-01 2.0594e+00 -1.2469e+00
4.3310e-01 2.0417e+00 -1.2425e+00
4.3610e-01 2.0243e+00 -1.2380e+00
4.3913e-01 2.0071e+00 -1.2334e+00
4.4218e-01 1.9900e+00 -1.2288e+00
4.4524e-01 1.9732e+00 -1.2242e+00
4.4833e-01 1.9566e+00 -1.2194e+00
4.5144e-01 1.9402e+00 -1.2146e+00
4.5458e-01 1.9240e+00 -1.2098e+00
4.5773e-01 1.9080e+00 -1.2049e+00
4.6091e-01 1.8922e+00 -1.1999e+00
4.6411e-01 1.8766e+00 -1.1949e+00
4.6733e-01 1.8612e+00 -1.1898e+00
4.7057e-01 1.8460e+00 -1.1846e+00
4.7384e-01 1.8310e+00 -1.1794e+00
4.7713e-01 1.8161e+00 -1.1741e+00
4.8044e-01 1.8015e+00 -1.1687e+00
4.8377e-01 1.7870e+00 -1.1633e+00
4.8713e-01 1.7727e+00 -1.1578e+00
4.9051e-01 1.7586e+00 -1.1523e+00
4.9391e-01 1.7447e+00 -1.1467e+00
4.9734e-01 1.7310e+00 -1.1410e+00
5.0079e-01 1.7174e+00 -1.1353e+00
5.0427e-01 1.7040e+00 -1.1295e+00
5.0777e-01 1.6908e+00 -1.1236e+00
5.1129e-01 1.6777e+00 -1.1177e+00
5.1484e-01 1.6648e+00 -1.1118e+00
5.1841e-01 1.6521e+00 -1.1057e+00
5.2201e-01 1.6396e+00 -1.0996e+00
5.2563e-01 1.6272e+00 -1.0935e+00
5.2928e-01 1.6149e+00 -1.0873e+00
5.3295e-01 1.6029e+00 -1.0810e+00
5.3665e-01 1.5910e+00 -1.0747e+00
5.4037e-01 1.5792e+00 -1.0683e+00
5.4412e-01 1.5676e+00 -1.0618e+00
5.4790e-01 1.5562e+00 -1.0554e+00
5.5170e-01 1.5449e+00 -1.0488e+00
5.5553e-01 1.5338e+00 -1.0422e+00
5.5939e-01 1.5228e+00 -1.0355e+00
5.6327e-01 1.5120e+00 -1.0288e+00
5.6718e-01 1.5013e+00 -1.0220e+00
5.7111e-01 1.4908e+00 -1.0152e+00
5.7508e-01 1.4804e+00 -1.0084e+00
5.7907e-01 1.4701e+00 -1.0014e+00
5.8309e-01 1.4600e+00 -9.9448e-01
5.8713e-01 1.4500e+00 -9.8746e-01
5.9121e-01 1.4402e+00 -9.8040e-01
5.9531e-01 1.4305e+00 -9.7330e-01
5.9944e-01 1.4209e+00 -9.6615e-01
6.0360e-01 1.4115e+00 -9.5896e-01
6.0779e-01 1.4022e+00 -9.5172e-01
6.1201e-01 1.3931e+00 -9.4445e-01
6.1625e-01 1.3840e+00 -9.3713e-01
6.2053e-01 1.3751e+00 -9.2978e-01
6.2484e-01 1.3663e+00 -9.2239e-01
6.2917e-01 1.3577e+00 -9.1497e-01
6.3354e-01 1.3492e+00 -9.0751e-01
6.3794e-01 1.3407e+00 -9.0002e-01
6.4236e-01 1.3325e+00 -8.9250e-01
6.4682e-01 1.3243e+00 -8.8494e-01
6.5131e-01 1.3163e+00 -8.7736e-01
6.5583e-01 1.3083e+00 -8.6976e-01
6.6038e-01 1.3005e+00 -8.6212e-01
6.6496e-01 1.2928e+00 -8.5447e-01
6.6958e-01 1.2852e+00 -8.4679e-01
6.7422e-01 1.2778e+00 -8.3909e-01
6.7890e-01 1.2704e+00 -8.3137e-01
6.8361e-01 1.2632e+00 -8.2364e-01
6.8836e-01 1.2560e+00 -8.1589e-01
6.9313e-01 1.2490e+00 -8.0812e-01
6.9795e-01 1.2421e+00 -8.0035e-01
7.0279e-01 1.2352e+00 -7.9256e-01
7.0767e-01 1.2285e+00 -7.8476e-01
7.1258e-01 1.2219e+00 -7.7696e-01
7.1752e-01 1.2154e+00 -7.6915e-01
7.2250e-01 1.2090e+00 -7.6133e-01
7.2751e-01 1.2027e+00 -7.5352e-01
7.3256e-01 1.1964e+00 -7.4570e-01
7.3765e-01 1.1903e+00 -7.3789e-01
7.4277e-01 1.1843e+00 -7.3007e-01
7.4792e-01 1.1784e+00 -7.2227e-01
7.5311e-01 1.1725e+00 -7.1446e-01
7.5834e-01 1.1668e+00 -7.0667e-01
7.6360e-01 1.1611e+00 -6.9889e-01
7.6890e-01 1.1555e+00 -6.9111e-01
7.7424e-01 1.1501e+00 -6.8335e-01
7.7961e-01 1.1447e+00 -6.7561e-01
7.8502e-01 1.1394e+00 -6.6788e-01
7.9047e-01 1.1341e+00 -6.6017e-01
7.9595e-01 1.1290e+00 -6.5247e-01
8.0148e-01 1.1240e+00 -6.4480e-01
8.0704e-01 1.1190e+00 -6.3716e-01
8.1264e-01 1.1141e+00 -6.2953e-01
8.1828e-01 1.1093e+00 -6.2193e-01
8.2396e-01 1.1046e+00 -6.1436e-01
8.2967e-01 1.0999e+00 -6.0682e-01
8.3543e-01 1.0953e+00 -5.9931e-01
8.4123e-01 1.0908e+00 -5.9183e-01
8.4707e-01 1.0864e+00 -5.8438e-01
8.5294e-01 1.0820e+00 -5.7697e-01
8.5886e-01 1.0778e+00 -5.6959e-01
8.6482e-01 1.0735e+00 -5.6225e-01
8.7083e-01 1.0694e+00 -5.5495e-01
8.7687e-01 1.0653e+00 -5.4769e-01
8.8295e-01 1.0613e+00 -5.4046e-01
8.8908e-01 1.0574e+00 -5.3329e-01
8.9525e-01 1.0535e+00 -5.2615e-01
9.0146e-01 1.0497e+00 -5.1906e-01
9.0772e-01 1.0460e+00 -5.1201e-01
9.1402e-01 1.0423e+00 -5.0501e-01
9.2036e-01 1.0387e+00 -4.9806e-01
9.2675e-01 1.0352e+00 -4.9116e-01
9.3318e-01 1.0317e+00 -4.8431e-01
9.3966e-01 1.0283e+00 -4.7751e-01
9.4618e-01 1.0249e+00 -4.7076e-01
9.5274e-01 1.0216e+00 -4.6406e-01
9.5936e-01 1.0183e+00 -4.5741e-01
9.6601e-01 1.0151e+00 -4.5082e-01
9.7272e-01 1.0120e+00 -4.4428e-01
9.7947e-01 1.0089e+00 -4.3780e-01
9.8626e-01 1.0059e+00 -4.3138e-01
9.9311e-01 1.0029e+00 -4.2501e-01
1.0000e+00 1.0000e+00 -4.1870e-01
