9.9900e-04 4.5434e-01 9.6900e-04
1.0059e-03 4.5524e-01 9.6895e-04
1.0129e-03 4.5615e-01 9.6889e-04
1.0199e-03 4.5705e-01 9.6883e-04
1.0270e-03 4.5795e-01 9.6876e-04
1.0341e-03 4.5884e-01 9.6868e-04
1.0413e-03 4.5974e-01 9.6860e-04
1.0486e-03 4.6063e-01 9.6851e-04
1.0558e-03 4.6152e-01 9.6841e-04
1.0632e-03 4.6240e-01 9.6831e-04
1.0705e-03 4.6329e-01 9.6820e-04
1.0780e-03 4.6417e-01 9.6808e-04
1.0854e-03 4.6504e-01 9.6796e-04
1.0930e-03 4.6592e-01 9.6783e-04
1.1006e-03 4.6679e-01 9.6769e-04
1.1082e-03 4.6766e-01 9.6755e-04
1.1159e-03 4.6852e-01 9.6740e-04
1.1236e-03 4.6939e-01 9.6725e-04
1.1314e-03 4.7025e-01 9.6709e-04
1.1393e-03 4.7110e-01 9.6692e-04
1.1472e-03 4.7196e-01 9.6675e-04
1.1551e-03 4.7281e-01 9.6657e-04
1.1632e-03 4.7366e-01 9.6639e-04
1.1712e-03 4.7451e-01 9.6620e-04
1.1794e-03 4.7535e-01 9.6600e-04
1.1875e-03 4.7619e-01 9.6580e-04
1.1958e-03 4.7703e-01 9.6559e-04
1.2041e-03 4.7786e-01 9.6537e-04
1.2124e-03 4.7869e-01 9.6515e-04
1.2209e-03 4.7952e-01 9.6493e-04
1.2293e-03 4.8035e-01 9.6470e-04
1.2379e-03 4.8117e-01 9.6446e-04
1.2465e-03 4.8199e-01 9.6422e-04
1.2551e-03 4.8281e-01 9.6397e-04
1.2638e-03 4.8362e-01 9.6372e-04
1.2726e-03 4.8443e-01 9.6346e-04
1.2814e-03 4.8524e-01 9.6320e-04
1.2903e-03 4.8605e-01 9.6293e-04
1.2993e-03 4.8685e-01 9.6266e-04
1.3083e-03 4.8765e-01 9.6238e-04
1.3174e-03 4.8845e-01 9.6210e-04
1.3265e-03 4.8924e-01 9.6181e-04
1.3357e-03 4.9003e-01 9.6151e-04
1.3450e-03 4.9082e-01 9.6121e-04
1.3543e-03 4.9160e-01 9.6091e-04
1.3637e-03 4.9239e-01 9.6060e-04
1.3732e-03 4.9317e-01 9.6029e-04
1.3827e-03 4.9394e-01 9.5997e-04
1.3923e-03 4.9471e-01 9.5965e-04
1.4020e-03 4.9549e-01 9.5932e-04
1.4117e-03 4.9625e-01 9.5899e-04
1.4215e-03 4.9702e-01 9.5866e-04
1.4313e-03 4.9778e-01 9.5832e-04
1.4413e-03 4.9854e-01 9.5797e-04
1.4513e-03 4.9929e-01 9.5762e-04
1.4614e-03 5.0004e-01 9.5727e-04
1.4715e-03 5.0079e-01 9.5691e-04
1.4817e-03 5.0154e-01 9.5655e-04
1.4920e-03 5.0228e-01 9.5619e-04
1.5023e-03 5.0303e-01 9.5582e-04
1.5128e-03 5.0376e-01 9.5544e-04
1.5233e-03 5.0450e-01 9.5506e-04
1.5338e-03 5.0523e-01 9.5468e-04
1.5445e-03 5.0596e-01 9.5430e-04
1.5552e-03 5.0668e-01 9.5391e-04
1.5660e-03 5.0741e-01 9.5351e-04
1.5769e-03 5.0813e-01 9.5312e-04
1.5878e-03 5.0884e-01 9.5272e-04
1.5988e-03 5.0956e-01 9.5231e-04
1.6099e-03 5.1027e-01 9.5191e-04
1.6211e-03 5.1098e-01 9.5150e-04
1.6323e-03 5.1168e-01 9.5108e-04
1.6437e-03 5.1239e-01 9.5066e-04
1.6551e-03 5.1309e-01 9.5024e-04
1.6666e-03 5.1378e-01 9.4982e-04
1.6781e-03 5.1448e-01 9.4939e-04
1.6898e-03 5.1517e-01 9.4896e-04
1.7015e-03 5.1585e-01 9.4852e-04
1.7133e-03 5.1654e-01 9.4809e-04
1.7252e-03 5.1722e-01 9.4765e-04
1.7372e-03 5.1790e-01 9.4720e-04
1.7492e-03 5.1857e-01 9.4676e-04
1.7614e-03 5.1925e-01 9.4631e-04
1.7736e-03 5.1992e-01 9.4586e-04
1.7859e-03 5.2058e-01 9.4540e-04
1.7983e-03 5.2125e-01 9.4494e-04
1.8108e-03 5.2191e-01 9.4448e-04
1.8233e-03 5.2257e-01 9.4402e-04
1.8360e-03 5.2322e-01 9.4356e-04
1.8487e-03 5.2388e-01 9.4309e-04
1.8616e-03 5.2453e-01 9.4262e-04
1.8745e-03 5.2517e-01 9.4214e-04
1.8875e-03 5.2582e-01 9.4167e-04
1.9006e-03 5.2646e-01 9.4119e-04
1.9138e-03 5.2710e-01 9.4071e-04
1.9270e-03 5.2773e-01 9.4023e-04
1.9404e-03 5.2836e-01 9.3974e-04
1.9539e-03 5.2899e-01 9.3926e-04
1.9674e-03 5.2962e-01 9.3877e-04
1.9811e-03 5.3024e-01 9.3828e-04
1.9948e-03 5.3086e-01 9.3778e-04
2.0087e-03 5.3148e-01 9.3729e-04
2.0226e-03 5.3210e-01 9.3679e-04
2.0367e-03 5.3271e-01 9.3629e-04
2.0508e-03 5.3332e-01 9.3579e-04
2.0650e-03 5.3393e-01 9.3529e-04
2.0794e-03 5.3453e-01 9.3479e-04
2.0938e-03 5.3513e-01 9.3428e-04
2.1083e-03 5.3573e-01 9.3377e-04
2.1230e-03 5.3633e-01 9.3326e-04
2.1377e-03 5.3692e-01 9.3275e-04
2.1525e-03 5.3751e-01 9.3224e-04
2.1675e-03 5.3810e-01 9.3173e-04
2.1825e-03 5.3868e-01 9.3121e-04
2.1976e-03 5.3926e-01 9.3070e-04
2.2129e-03 5.3984e-01 9.3018e-04
2.2283e-03 5.4042e-01 9.2966e-04
2.2437e-03 5.4099e-01 9.2914e-04
2.2593e-03 5.4156e-01 9.2862e-04
2.2750e-03 5.4213e-01 9.2809e-04
2.2908e-03 5.4269e-01 9.2757e-04
2.3067e-03 5.4326e-01 9.2704e-04
2.3227e-03 5.4381e-01 9.2652e-04
2.3388e-03 5.4437e-01 9.2599e-04
2.3550e-03 5.4493e-01 9.2546e-04
2.3713e-03 5.4548e-01 9.2493e-04
2.3878e-03 5.4603e-01 9.2440e-04
2.4044e-03 5.4657e-01 9.2387e-04
2.4211e-03 5.4712e-01 9.2334e-04
2.4379e-03 5.4766e-01 9.2281e-04
2.4548e-03 5.4819e-01 9.2227e-04
2.4718e-03 5.4873e-01 9.2174e-04
2.4890e-03 5.4926e-01 9.2121e-04
2.5062e-03 5.4979e-01 9.2067e-04
2.5236e-03 5.5032e-01 9.2014e-04
2.5411e-03 5.5084e-01 9.1960e-04
2.5588e-03 5.5137e-01 9.1906e-04
2.5765e-03 5.5189e-01 9.1852e-04
2.5944e-03 5.5240e-01 9.1799e-04
2.6124e-03 5.5292e-01 9.1745e-04
2.6306e-03 5.5343e-01 9.1691e-04
2.6488e-03 5.5394e-01 9.1637e-04
2.6672e-03 5.5444e-01 9.1583e-04
2.6857e-03 5.5495e-01 9.1529e-04
2.7043e-03 5.5545e-01 9.1475e-04
2.7231e-03 5.5595e-01 9.1422e-04
2.7420e-03 5.5644e-01 9.1368e-04
2.7610e-03 5.5694e-01 9.1314e-04
2.7802e-03 5.5743e-01 9.1260e-04
2.7995e-03 5.5792e-01 9.1206e-04
2.8189e-03 5.5840e-01 9.1152e-04
2.8385e-03 5.5889e-01 9.1098e-04
2.8582e-03 5.5937e-01 9.1044e-04
2.8780e-03 5.5985e-01 9.0990e-04
2.8980e-03 5.6032e-01 9.0936e-04
2.9181e-03 5.6080e-01 9.0882e-04
2.9383e-03 5.6127e-01 9.0828e-04
2.9587e-03 5.6174e-01 9.0774e-04
2.9793e-03 5.6220e-01 9.0720e-04
2.9999e-03 5.6267e-01 9.0666e-04
3.0208e-03 5.6313e-01 9.0613e-04
3.0417e-03 5.6359e-01 9.0559e-04
3.0628e-03 5.6404e-01 9.0505e-04
3.0841e-03 5.6450e-01 9.0452e-04
3.1055e-03 5.6495e-01 9.0398e-04
3.1270e-03 5.6540e-01 9.0345e-04
3.1487e-03 5.6585e-01 9.0291e-04
3.1706e-03 5.6629e-01 9.0238e-04
3.1926e-03 5.6673e-01 9.0184e-04
3.2147e-03 5.6717e-01 9.0131e-04
3.2371e-03 5.6761e-01 9.0078e-04
3.2595e-03 5.6804e-01 9.0024e-04
3.2821e-03 5.6848e-01 8.9971e-04
3.3049e-03 5.6891e-01 8.9918e-04
3.3279e-03 5.6934e-01 8.9865e-04
3.3509e-03 5.6976e-01 8.9813e-04
3.3742e-03 5.7018e-01 8.9760e-04
3.3976e-03 5.7061e-01 8.9707e-04
3.4212e-03 5.7102e-01 8.9654e-04
3.4449e-03 5.7144e-01 8.9602e-04
3.4688e-03 5.7186e-01 8.9549e-04
3.4929e-03 5.7227e-01 8.9497e-04
3.5172e-03 5.7268e-01 8.9445e-04
3.5416e-03 5.7309e-01 8.9393e-04
3.5661e-03 5.7349e-01 8.9341e-04
3.5909e-03 5.7389e-01 8.9289e-04
3.6158e-03 5.7429e-01 8.9237e-04
3.6409e-03 5.7469e-01 8.9185e-04
3.6662e-03 5.7509e-01 8.9134e-04
3.6916e-03 5.7548e-01 8.9082e-04
3.7172e-03 5.7588e-01 8.9031e-04
3.7430e-03 5.7627e-01 8.8980e-04
3.7690e-03 5.7665e-01 8.8929e-04
3.7952e-03 5.7704e-01 8.8878e-04
3.8215e-03 5.7742e-01 8.8827e-04
3.8480e-03 5.7780e-01 8.8776e-04
3.8747e-03 5.7818e-01 8.8725e-04
3.9016e-03 5.7856e-01 8.8675e-04
3.9287e-03 5.7894e-01 8.8625e-04
3.9559e-03 5.7931e-01 8.8574e-04
3.9834e-03 5.7968e-01 8.8524e-04
4.0110e-03 5.8005e-01 8.8475e-04
4.0389e-03 5.8042e-01 8.8425e-04
4.0669e-03 5.8078e-01 8.8375e-04
4.0951e-03 5.8114e-01 8.8326e-04
4.1235e-03 5.8150e-01 8.8276e-04
4.1522e-03 5.8186e-01 8.8227e-04
4.1810e-03 5.8222e-01 8.8178e-04
4.2100e-03 5.8257e-01 8.8130e-04
4.2392e-03 5.8292e-01 8.8081e-04
4.2686e-03 5.8327e-01 8.8032e-04
4.2982e-03 5.8362e-01 8.7984e-04
4.3281e-03 5.8397e-01 8.7936e-04
4.3581e-03 5.8431e-01 8.7888e-04
4.3884e-03 5.8466e-01 8.7840e-04
4.4188e-03 5.8500e-01 8.7792e-04
4.4495e-03 5.8534e-01 8.7745e-04
4.4803e-03 5.8567e-01 8.7697e-04
4.5114e-03 5.8601e-01 8.7650e-04
4.5427e-03 5.8634e-01 8.7603e-04
4.5743e-03 5.8667e-01 8.7556e-04
4.6060e-03 5.8700e-01 8.7510e-04
4.6380e-03 5.8733e-01 8.7463e-04
4.6702e-03 5.8765e-01 8.7417e-04
4.7026e-03 5.8797e-01 8.7371e-04
4.7352e-03 5.8830e-01 8.7325e-04
4.7681e-03 5.8862e-01 8.7279e-04
4.8012e-03 5.8893e-01 8.7234e-04
4.8345e-03 5.8925e-01 8.7188e-04
4.8680e-03 5.8956e-01 8.7143e-04
4.9018e-03 5.8988e-01 8.7098e-04
4.9358e-03 5.9019e-01 8.7054e-04
4.9701e-03 5.9049e-01 8.7009e-04
5.0046e-03 5.9080e-01 8.6965e-04
5.0393e-03 5.9111e-01 8.6921e-04
5.0743e-03 5.9141e-01 8.6877e-04
5.1095e-03 5.9171e-01 8.6833e-04
5.1449e-03 5.9201e-01 8.6789e-04
5.1806e-03 5.9231e-01 8.6746e-04
5.2166e-03 5.9260e-01 8.6703e-04
5.2528e-03 5.9290e-01 8.6660e-04
5.2893e-03 5.9319e-01 8.6617e-04
5.3260e-03 5.9348e-01 8.6574e-04
5.3629e-03 5.9377e-01 8.6532e-04
5.4001e-03 5.9406e-01 8.6490e-04
5.4376e-03 5.9434e-01 8.6448e-04
5.4753e-03 5.9463e-01 8.6406e-04
5.5133e-03 5.9491e-01 8.6365e-04
5.5516e-03 5.9519e-01 8.6323e-04
5.5901e-03 5.9547e-01 8.6282e-04
5.6289e-03 5.9575e-01 8.6241e-04
5.6680e-03 5.9602e-01 8.6201e-04
5.7073e-03 5.9630e-01 8.6160e-04
5.7469e-03 5.9657e-01 8.6120e-04
5.7868e-03 5.9684e-01 8.6080e-04
5.8270e-03 5.9711e-01 8.6040e-04
5.8674e-03 5.9738e-01 8.6000e-04
5.9081e-03 5.9764e-01 8.5961e-04
5.9491e-03 5.9791e-01 8.5922e-04
5.9904e-03 5.9817e-01 8.5883e-04
6.0320e-03 5.9843e-01 8.5844e-04
6.0738e-03 5.9869e-01 8.5806e-04
6.1160e-03 5.9895e-01 8.5767e-04
6.1584e-03 5.9921e-01 8.5729e-04
6.2012e-03 5.9946e-01 8.5691e-04
6.2442e-03 5.9972e-01 8.5654e-04
6.2875e-03 5.9997e-01 8.5616e-04
6.3312e-03 6.0022e-01 8.5579e-04
6.3751e-03 6.0047e-01 8.5542e-04
6.4193e-03 6.0072e-01 8.5505e-04
6.4639e-03 6.0096e-01 8.5469e-04
6.5087e-03 6.0121e-01 8.5433e-04
6.5539e-03 6.0145e-01 8.5397e-04
6.5994e-03 6.0169e-01 8.5361e-04
6.6452e-03 6.0193e-01 8.5325e-04
6.6913e-03 6.0217e-01 8.5290e-04
6.7377e-03 6.0241e-01 8.5255e-04
6.7845e-03 6.0264e-01 8.5220e-04
6.8316e-03 6.0288e-01 8.5185e-04
6.8790e-03 6.0311e-01 8.5150e-04
6.9267e-03 6.0334e-01 8.5116e-04
6.9748e-03 6.0357e-01 8.5082e-04
7.0232e-03 6.0380e-01 8.5048e-04
7.0719e-03 6.0403e-01 8.5015e-04
7.1210e-03 6.0425e-01 8.4981e-04
7.1704e-03 6.0448e-01 8.4948e-04
7.2202e-03 6.0470e-01 8.4915e-04
7.2703e-03 6.0492e-01 8.4883e-04
7.3208e-03 6.0514e-01 8.4850e-04
7.3716e-03 6.0536e-01 8.4818e-04
7.4227e-03 6.0558e-01 8.4786e-04
7.4742e-03 6.0580e-01 8.4754e-04
7.5261e-03 6.0601e-01 8.4723e-04
7.5783e-03 6.0623e-01 8.4692e-04
7.6309e-03 6.0644e-01 8.4660e-04
7.6839e-03 6.0665e-01 8.4630e-04
7.7372e-03 6.0686e-01 8.4599e-04
7.7909e-03 6.0707e-01 8.4569e-04
7.8450e-03 6.0728e-01 8.4538e-04
7.8994e-03 6.0748e-01 8.4509e-04
7.9542e-03 6.0769e-01 8.4479e-04
8.0094e-03 6.0789e-01 8.4449e-04
8.0650e-03 6.0809e-01 8.4420e-04
8.1210e-03 6.0829e-01 8.4391e-04
8.1773e-03 6.0849e-01 8.4362e-04
8.2341e-03 6.0869e-01 8.4334e-04
8.2912e-03 6.0889e-01 8.4306e-04
8.3487e-03 6.0908e-01 8.4277e-04
8.4067e-03 6.0928e-01 8.4250e-04
8.4650e-03 6.0947e-01 8.4222e-04
8.5238e-03 6.0967e-01 8.4195e-04
8.5829e-03 6.0986e-01 8.4167e-04
8.6425e-03 6.1005e-01 8.4140e-04
8.7025e-03 6.1024e-01 8.4114e-04
8.7628e-03 6.1042e-01 8.4087e-04
8.8237e-03 6.1061e-01 8.4061e-04
8.8849e-03 6.1080e-01 8.4035e-04
8.9466e-03 6.1098e-01 8.4009e-04
9.0086e-03 6.1116e-01 8.3984e-04
9.0712e-03 6.1134e-01 8.3958e-04
9.1341e-03 6.1153e-01 8.3933e-04
9.1975e-03 6.1170e-01 8.3908e-04
9.2613e-03 6.1188e-01 8.3884e-04
9.3256e-03 6.1206e-01 8.3859e-04
9.3903e-03 6.1224e-01 8.3835e-04
9.4555e-03 6.1241e-01 8.3811e-04
9.5211e-03 6.1259e-01 8.3787e-04
9.5872e-03 6.1276e-01 8.3764e-04
9.6537e-03 6.1293e-01 8.3740e-04
9.7207e-03 6.1310e-01 8.3717e-04
9.7881e-03 6.1327e-01 8.3694e-04
9.8561e-03 6.1344e-01 8.3672e-04
9.9245e-03 6.1361e-01 8.3649e-04
9.9933e-03 6.1378e-01 8.3627e-04
1.0063e-02 6.1394e-01 8.3605e-04
1.0133e-02 6.1411e-01 8.3584e-04
1.0203e-02 6.1427e-01 8.3562e-04
1.0274e-02 6.1443e-01 8.3541e-04
1.0345e-02 6.1459e-01 8.3520e-04
1.0417e-02 6.1476e-01 8.3499e-04
1.0489e-02 6.1491e-01 8.3478e-04
1.0562e-02 6.1507e-01 8.3458e-04
1.0635e-02 6.1523e-01 8.3438e-04
1.0709e-02 6.1539e-01 8.3418e-04
1.0783e-02 6.1554e-01 8.3398e-04
1.0858e-02 6.1570e-01 8.3379e-04
1.0933e-02 6.1585e-01 8.3359e-04
1.1009e-02 6.1600e-01 8.3340e-04
1.1086e-02 6.1616e-01 8.3322e-04
1.1163e-02 6.1631e-01 8.3303e-04
1.1240e-02 6.1646e-01 8.3285e-04
1.1318e-02 6.1661e-01 8.3267e-04
1.1397e-02 6.1675e-01 8.3249e-04
1.1476e-02 6.1690e-01 8.3231e-04
1.1555e-02 6.1705e-01 8.3214e-04
1.1636e-02 6.1719e-01 8.3196e-04
1.1716e-02 6.1734e-01 8.3179e-04
1.1798e-02 6.1748e-01 8.3163e-04
1.1879e-02 6.1762e-01 8.3146e-04
1.1962e-02 6.1777e-01 8.3130e-04
1.2045e-02 6.1791e-01 8.3114e-04
1.2128e-02 6.1805e-01 8.3098e-04
1.2213e-02 6.1818e-01 8.3082e-04
1.2297e-02 6.1832e-01 8.3067e-04
1.2383e-02 6.1846e-01 8.3052e-04
1.2469e-02 6.1860e-01 8.3037e-04
1.2555e-02 6.1873e-01 8.3022e-04
1.2642e-02 6.1887e-01 8.3007e-04
1.2730e-02 6.1900e-01 8.2993e-04
1.2818e-02 6.1913e-01 8.2979e-04
1.2907e-02 6.1927e-01 8.2965e-04
1.2997e-02 6.1940e-01 8.2952e-04
1.3087e-02 6.1953e-01 8.2938e-04
1.3178e-02 6.1966e-01 8.2925e-04
1.3269e-02 6.1979e-01 8.2912e-04
1.3361e-02 6.1992e-01 8.2900e-04
1.3454e-02 6.2004e-01 8.2887e-04
1.3548e-02 6.2017e-01 8.2875e-04
1.3642e-02 6.2030e-01 8.2863e-04
1.3736e-02 6.2042e-01 8.2851e-04
1.3832e-02 6.2054e-01 8.2840e-04
1.3928e-02 6.2067e-01 8.2828e-04
1.4024e-02 6.2079e-01 8.2817e-04
1.4122e-02 6.2091e-01 8.2807e-04
1.4220e-02 6.2103e-01 8.2796e-04
1.4318e-02 6.2115e-01 8.2786e-04
1.4418e-02 6.2127e-01 8.2776e-04
1.4518e-02 6.2139e-01 8.2766e-04
1.4618e-02 6.2151e-01 8.2756e-04
1.4720e-02 6.2163e-01 8.2747e-04
1.4822e-02 6.2175e-01 8.2738e-04
1.4925e-02 6.2186e-01 8.2729e-04
1.5028e-02 6.2198e-01 8.2720e-04
1.5133e-02 6.2209e-01 8.2712e-04
1.5238e-02 6.2221e-01 8.2704e-04
1.5343e-02 6.2232e-01 8.2696e-04
1.5450e-02 6.2243e-01 8.2688e-04
1.5557e-02 6.2254e-01 8.2681e-04
1.5665e-02 6.2265e-01 8.2674e-04
1.5774e-02 6.2276e-01 8.2667e-04
1.5883e-02 6.2287e-01 8.2660e-04
1.5994e-02 6.2298e-01 8.2654e-04
1.6105e-02 6.2309e-01 8.2648e-04
1.6216e-02 6.2320e-01 8.2642e-04
1.6329e-02 6.2331e-01 8.2636e-04
1.6442e-02 6.2341e-01 8.2631e-04
1.6556e-02 6.2352e-01 8.2626e-04
1.6671e-02 6.2362e-01 8.2621e-04
1.6787e-02 6.2373e-01 8.2616e-04
1.6903e-02 6.2383e-01 8.2612e-04
1.7021e-02 6.2393e-01 8.2608e-04
1.7139e-02 6.2404e-01 8.2605e-04
1.7258e-02 6.2414e-01 8.2601e-04
1.7377e-02 6.2424e-01 8.2598e-04
1.7498e-02 6.2434e-01 8.2595e-04
1.7619e-02 6.2444e-01 8.2593e-04
1.7742e-02 6.2454e-01 8.2590e-04
1.7865e-02 6.2464e-01 8.2588e-04
1.7989e-02 6.2474e-01 8.2587e-04
1.8114e-02 6.2484e-01 8.2585e-04
1.8239e-02 6.2493e-01 8.2584e-04
1.8366e-02 6.2503e-01 8.2583e-04
1.8493e-02 6.2513e-01 8.2583e-04
1.8622e-02 6.2522e-01 8.2583e-04
1.8751e-02 6.2532e-01 8.2583e-04
1.8881e-02 6.2541e-01 8.2583e-04
1.9012e-02 6.2550e-01 8.2584e-04
1.9144e-02 6.2560e-01 8.2585e-04
1.9277e-02 6.2569e-01 8.2586e-04
1.9411e-02 6.2578e-01 8.2588e-04
1.9545e-02 6.2587e-01 8.2590e-04
1.9681e-02 6.2596e-01 8.2592e-04
1.9818e-02 6.2605e-01 8.2595e-04
1.9955e-02 6.2614e-01 8.2598e-04
2.0094e-02 6.2623e-01 8.2601e-04
2.0233e-02 6.2632e-01 8.2605e-04
2.0373e-02 6.2641e-01 8.2609e-04
2.0515e-02 6.2650e-01 8.2614e-04
2.0657e-02 6.2658e-01 8.2619e-04
2.0801e-02 6.2667e-01 8.2624e-04
2.0945e-02 6.2676e-01 8.2629e-04
2.1090e-02 6.2684e-01 8.2635e-04
2.1237e-02 6.2693e-01 8.2642e-04
2.1384e-02 6.2701e-01 8.2648e-04
2.1532e-02 6.2710e-01 8.2655e-04
2.1682e-02 6.2718e-01 8.2663e-04
2.1832e-02 6.2726e-01 8.2671e-04
2.1984e-02 6.2735e-01 8.2679e-04
2.2136e-02 6.2743e-01 8.2688e-04
2.2290e-02 6.2751e-01 8.2697e-04
2.2445e-02 6.2759e-01 8.2707e-04
2.2600e-02 6.2767e-01 8.2717e-04
2.2757e-02 6.2775e-01 8.2727e-04
2.2915e-02 6.2783e-01 8.2738e-04
2.3074e-02 6.2791e-01 8.2749e-04
2.3234e-02 6.2799e-01 8.2761e-04
2.3396e-02 6.2807e-01 8.2773e-04
2.3558e-02 6.2815e-01 8.2786e-04
2.3721e-02 6.2823e-01 8.2799e-04
2.3886e-02 6.2830e-01 8.2813e-04
2.4052e-02 6.2838e-01 8.2827e-04
2.4219e-02 6.2846e-01 8.2842e-04
2.4387e-02 6.2853e-01 8.2857e-04
2.4556e-02 6.2861e-01 8.2873e-04
2.4726e-02 6.2868e-01 8.2889e-04
2.4898e-02 6.2876e-01 8.2906e-04
2.5071e-02 6.2883e-01 8.2923e-04
2.5245e-02 6.2890e-01 8.2941e-04
2.5420e-02 6.2898e-01 8.2960e-04
2.5596e-02 6.2905e-01 8.2979e-04
2.5774e-02 6.2912e-01 8.2998e-04
2.5953e-02 6.2920e-01 8.3019e-04
2.6133e-02 6.2927e-01 8.3039e-04
2.6314e-02 6.2934e-01 8.3061e-04
2.6497e-02 6.2941e-01 8.3083e-04
2.6681e-02 6.2948e-01 8.3106e-04
2.6866e-02 6.2955e-01 8.3129e-04
2.7052e-02 6.2962e-01 8.3153e-04
2.7240e-02 6.2969e-01 8.3178e-04
2.7429e-02 6.2976e-01 8.3203e-04
2.7620e-02 6.2983e-01 8.3229e-04
2.7811e-02 6.2990e-01 8.3256e-04
2.8004e-02 6.2997e-01 8.3283e-04
2.8199e-02 6.3003e-01 8.3311e-04
2.8394e-02 6.3010e-01 8.3340e-04
2.8591e-02 6.3017e-01 8.3370e-04
2.8790e-02 6.3023e-01 8.3401e-04
2.8989e-02 6.3030e-01 8.3432e-04
2.9191e-02 6.3037e-01 8.3464e-04
2.9393e-02 6.3043e-01 8.3497e-04
2.9597e-02 6.3050e-01 8.3530e-04
2.9803e-02 6.3056e-01 8.3565e-04
3.0009e-02 6.3063e-01 8.3600e-04
3.0218e-02 6.3069e-01 8.3637e-04
3.0427e-02 6.3075e-01 8.3674e-04
3.0638e-02 6.3082e-01 8.3712e-04
3.0851e-02 6.3088e-01 8.3751e-04
3.1065e-02 6.3094e-01 8.3791e-04
3.1281e-02 6.3101e-01 8.3832e-04
3.1498e-02 6.3107e-01 8.3873e-04
3.1716e-02 6.3113e-01 8.3916e-04
3.1937e-02 6.3119e-01 8.3960e-04
3.2158e-02 6.3125e-01 8.4005e-04
3.2381e-02 6.3132e-01 8.4051e-04
3.2606e-02 6.3138e-01 8.4098e-04
3.2832e-02 6.3144e-01 8.4146e-04
3.3060e-02 6.3150e-01 8.4196e-04
3.3290e-02 6.3156e-01 8.4246e-04
3.3521e-02 6.3162e-01 8.4298e-04
3.3753e-02 6.3168e-01 8.4350e-04
3.3987e-02 6.3173e-01 8.4404e-04
3.4223e-02 6.3179e-01 8.4460e-04
3.4461e-02 6.3185e-01 8.4516e-04
3.4700e-02 6.3191e-01 8.4574e-04
3.4941e-02 6.3197e-01 8.4633e-04
3.5183e-02 6.3203e-01 8.4693e-04
3.5427e-02 6.3208e-01 8.4755e-04
3.5673e-02 6.3214e-01 8.4818e-04
3.5921e-02 6.3220e-01 8.4883e-04
3.6170e-02 6.3225e-01 8.4949e-04
3.6421e-02 6.3231e-01 8.5016e-04
3.6674e-02 6.3237e-01 8.5085e-04
3.6928e-02 6.3242e-01 8.5155e-04
3.7185e-02 6.3248e-01 8.5227e-04
3.7443e-02 6.3253e-01 8.5301e-04
3.7703e-02 6.3259e-01 8.5376e-04
3.7964e-02 6.3264e-01 8.5453e-04
3.8228e-02 6.3270e-01 8.5532e-04
3.8493e-02 6.3275e-01 8.5612e-04
3.8760e-02 6.3280e-01 8.5694e-04
3.9029e-02 6.3286e-01 8.5778e-04
3.9300e-02 6.3291e-01 8.5864e-04
3.9573e-02 6.3296e-01 8.5951e-04
3.9847e-02 6.3302e-01 8.6041e-04
4.0124e-02 6.3307e-01 8.6132e-04
4.0402e-02 6.3312e-01 8.6225e-04
4.0683e-02 6.3317e-01 8.6321e-04
4.0965e-02 6.3323e-01 8.6418e-04
4.1249e-02 6.3328e-01 8.6518e-04
4.1535e-02 6.3333e-01 8.6619e-04
4.1824e-02 6.3338e-01 8.6723e-04
4.2114e-02 6.3343e-01 8.6829e-04
4.2406e-02 6.3348e-01 8.6938e-04
4.2700e-02 6.3353e-01 8.7048e-04
4.2997e-02 6.3358e-01 8.7162e-04
4.3295e-02 6.3363e-01 8.7277e-04
4.3596e-02 6.3368e-01 8.7395e-04
4.3898e-02 6.3373e-01 8.7516e-04
4.4203e-02 6.3378e-01 8.7639e-04
4.4510e-02 6.3383e-01 8.7764e-04
4.4818e-02 6.3388e-01 8.7893e-04
4.5129e-02 6.3393e-01 8.8024e-04
4.5443e-02 6.3398e-01 8.8158e-04
4.5758e-02 6.3402e-01 8.8294e-04
4.6076e-02 6.3407e-01 8.8434e-04
4.6395e-02 6.3412e-01 8.8577e-04
4.6717e-02 6.3417e-01 8.8722e-04
4.7041e-02 6.3422e-01 8.8871e-04
4.7368e-02 6.3426e-01 8.9023e-04
4.7697e-02 6.3431e-01 8.9178e-04
4.8028e-02 6.3436e-01 8.9336e-04
4.8361e-02 6.3440e-01 8.9498e-04
4.8697e-02 6.3445e-01 8.9663e-04
4.9034e-02 6.3449e-01 8.9832e-04
4.9375e-02 6.3454e-01 9.0004e-04
4.9717e-02 6.3458e-01 9.0180e-04
5.0062e-02 6.3463e-01 9.0359e-04
5.0410e-02 6.3467e-01 9.0543e-04
5.0760e-02 6.3472e-01 9.0730e-04
5.1112e-02 6.3476e-01 9.0921e-04
5.1467e-02 6.3481e-01 9.1116e-04
5.1824e-02 6.3485e-01 9.1315e-04
5.2183e-02 6.3490e-01 9.1519e-04
5.2546e-02 6.3494e-01 9.1727e-04
5.2910e-02 6.3498e-01 9.1939e-04
5.3277e-02 6.3502e-01 9.2155e-04
5.3647e-02 6.3507e-01 9.2377e-04
5.4019e-02 6.3511e-01 9.2602e-04
5.4394e-02 6.3515e-01 9.2833e-04
5.4772e-02 6.3519e-01 9.3068e-04
5.5152e-02 6.3524e-01 9.3309e-04
5.5535e-02 6.3528e-01 9.3554e-04
5.5920e-02 6.3532e-01 9.3805e-04
5.6308e-02 6.3536e-01 9.4061e-04
5.6699e-02 6.3540e-01 9.4322e-04
5.7092e-02 6.3544e-01 9.4588e-04
5.7488e-02 6.3548e-01 9.4861e-04
5.7887e-02 6.3552e-01 9.5139e-04
5.8289e-02 6.3556e-01 9.5422e-04
5.8694e-02 6.3560e-01 9.5712e-04
5.9101e-02 6.3564e-01 9.6008e-04
5.9511e-02 6.3567e-01 9.6310e-04
5.9924e-02 6.3571e-01 9.6618e-04
6.0340e-02 6.3575e-01 9.6933e-04
6.0759e-02 6.3579e-01 9.7255e-04
6.1180e-02 6.3583e-01 9.7583e-04
6.1605e-02 6.3586e-01 9.7918e-04
6.2032e-02 6.3590e-01 9.8260e-04
6.2463e-02 6.3594e-01 9.8609e-04
6.2896e-02 6.3597e-01 9.8966e-04
6.3333e-02 6.3601e-01 9.9330e-04
6.3772e-02 6.3604e-01 9.9702e-04
6.4215e-02 6.3608e-01 1.0008e-03
6.4660e-02 6.3611e-01 1.0047e-03
6.5109e-02 6.3615e-01 1.0086e-03
6.5561e-02 6.3618e-01 1.0127e-03
6.6016e-02 6.3621e-01 1.0168e-03
6.6474e-02 6.3625e-01 1.0210e-03
6.6935e-02 6.3628e-01 1.0253e-03
6.7400e-02 6.3631e-01 1.0297e-03
6.7868e-02 6.3634e-01 1.0342e-03
6.8339e-02 6.3638e-01 1.0387e-03
6.8813e-02 6.3641e-01 1.0434e-03
6.9290e-02 6.3644e-01 1.0482e-03
6.9771e-02 6.3647e-01 1.0530e-03
7.0255e-02 6.3650e-01 1.0580e-03
7.0743e-02 6.3653e-01 1.0631e-03
7.1234e-02 6.3656e-01 1.0683e-03
7.1728e-02 6.3659e-01 1.0735e-03
7.2226e-02 6.3661e-01 1.0789e-03
7.2727e-02 6.3664e-01 1.0845e-03
7.3232e-02 6.3667e-01 1.0901e-03
7.3740e-02 6.3670e-01 1.0958e-03
7.4252e-02 6.3672e-01 1.1017e-03
7.4767e-02 6.3675e-01 1.1077e-03
7.5286e-02 6.3678e-01 1.1138e-03
7.5808e-02 6.3680e-01 1.1200e-03
7.6335e-02 6.3683e-01 1.1264e-03
7.6864e-02 6.3685e-01 1.1329e-03
7.7398e-02 6.3687e-01 1.1395e-03
7.7935e-02 6.3690e-01 1.1463e-03
7.8476e-02 6.3692e-01 1.1532e-03
7.9020e-02 6.3694e-01 1.1603e-03
7.9569e-02 6.3697e-01 1.1675e-03
8.0121e-02 6.3699e-01 1.1749e-03
8.0677e-02 6.3701e-01 1.1824e-03
8.1237e-02 6.3703e-01 1.1901e-03
8.1800e-02 6.3705e-01 1.1979e-03
8.2368e-02 6.3707e-01 1.2059e-03
8.2940e-02 6.3709e-01 1.2141e-03
8.3515e-02 6.3711e-01 1.2224e-03
8.4095e-02 6.3712e-01 1.2309e-03
8.4678e-02 6.3714e-01 1.2396e-03
8.5266e-02 6.3716e-01 1.2485e-03
8.5858e-02 6.3717e-01 1.2575e-03
8.6454e-02 6.3719e-01 1.2668e-03
8.7054e-02 6.3720e-01 1.2762e-03
8.7658e-02 6.3722e-01 1.2859e-03
8.8266e-02 6.3723e-01 1.2957e-03
8.8879e-02 6.3725e-01 1.3058e-03
8.9495e-02 6.3726e-01 1.3160e-03
9.0116e-02 6.3727e-01 1.3265e-03
9.0742e-02 6.3729e-01 1.3372e-03
9.1371e-02 6.3730e-01 1.3481e-03
9.2006e-02 6.3731e-01 1.3593e-03
9.2644e-02 6.3732e-01 1.3706e-03
9.3287e-02 6.3733e-01 1.3823e-03
9.3934e-02 6.3734e-01 1.3941e-03
9.4586e-02 6.3735e-01 1.4062e-03
9.5243e-02 6.3735e-01 1.4186e-03
9.5904e-02 6.3736e-01 1.4312e-03
9.6569e-02 6.3737e-01 1.4441e-03
9.7239e-02 6.3738e-01 1.4573e-03
9.7914e-02 6.3738e-01 1.4707e-03
9.8594e-02 6.3739e-01 1.4844e-03
9.9278e-02 6.3739e-01 1.4984e-03
9.9967e-02 6.3740e-01 1.5127e-03
1.0066e-01 6.3740e-01 1.5273e-03
1.0136e-01 6.3741e-01 1.5422e-03
1.0206e-01 6.3741e-01 1.5574e-03
1.0277e-01 6.3741e-01 1.5729e-03
1.0348e-01 6.3741e-01 1.5888e-03
1.0420e-01 6.3742e-01 1.6050e-03
1.0493e-01 6.3742e-01 1.6215e-03
1.0565e-01 6.3742e-01 1.6384e-03
1.0639e-01 6.3742e-01 1.6556e-03
1.0712e-01 6.3742e-01 1.6732e-03
1.0787e-01 6.3742e-01 1.6912e-03
1.0862e-01 6.3742e-01 1.7095e-03
1.0937e-01 6.3742e-01 1.7282e-03
1.1013e-01 6.3742e-01 1.7473e-03
1.1089e-01 6.3741e-01 1.7669e-03
1.1166e-01 6.3741e-01 1.7868e-03
1.1244e-01 6.3741e-01 1.8071e-03
1.1322e-01 6.3740e-01 1.8279e-03
1.1400e-01 6.3740e-01 1.8491e-03
1.1480e-01 6.3740e-01 1.8707e-03
1.1559e-01 6.3739e-01 1.8928e-03
1.1639e-01 6.3739e-01 1.9154e-03
1.1720e-01 6.3738e-01 1.9384e-03
1.1802e-01 6.3738e-01 1.9620e-03
1.1883e-01 6.3737e-01 1.9860e-03
1.1966e-01 6.3737e-01 2.0105e-03
1.2049e-01 6.3736e-01 2.0355e-03
1.2133e-01 6.3736e-01 2.0611e-03
1.2217e-01 6.3735e-01 2.0872e-03
1.2302e-01 6.3735e-01 2.1138e-03
1.2387e-01 6.3734e-01 2.1410e-03
1.2473e-01 6.3733e-01 2.1688e-03
1.2559e-01 6.3733e-01 2.1972e-03
1.2647e-01 6.3732e-01 2.2261e-03
1.2734e-01 6.3731e-01 2.2557e-03
1.2823e-01 6.3731e-01 2.2859e-03
1.2912e-01 6.3730e-01 2.3167e-03
1.3001e-01 6.3730e-01 2.3481e-03
1.3091e-01 6.3729e-01 2.3803e-03
1.3182e-01 6.3728e-01 2.4130e-03
1.3274e-01 6.3728e-01 2.4465e-03
1.3366e-01 6.3727e-01 2.4807e-03
1.3459e-01 6.3726e-01 2.5156e-03
1.3552e-01 6.3726e-01 2.5513e-03
1.3646e-01 6.3725e-01 2.5876e-03
1.3741e-01 6.3725e-01 2.6248e-03
1.3836e-01 6.3724e-01 2.6627e-03
1.3932e-01 6.3724e-01 2.7015e-03
1.4029e-01 6.3723e-01 2.7410e-03
1.4126e-01 6.3723e-01 2.7814e-03
1.4224e-01 6.3723e-01 2.8226e-03
1.4323e-01 6.3722e-01 2.8647e-03
1.4422e-01 6.3722e-01 2.9076e-03
1.4522e-01 6.3722e-01 2.9515e-03
1.4623e-01 6.3722e-01 2.9963e-03
1.4725e-01 6.3721e-01 3.0420e-03
1.4827e-01 6.3721e-01 3.0887e-03
1.4930e-01 6.3721e-01 3.1364e-03
1.5033e-01 6.3721e-01 3.1851e-03
1.5138e-01 6.3722e-01 3.2348e-03
1.5243e-01 6.3722e-01 3.2855e-03
1.5349e-01 6.3722e-01 3.3373e-03
1.5455e-01 6.3722e-01 3.3902e-03
1.5562e-01 6.3723e-01 3.4442e-03
1.5670e-01 6.3723e-01 3.4994e-03
1.5779e-01 6.3724e-01 3.5557e-03
1.5889e-01 6.3725e-01 3.6131e-03
1.5999e-01 6.3726e-01 3.6718e-03
1.6110e-01 6.3727e-01 3.7318e-03
1.6222e-01 6.3728e-01 3.7930e-03
1.6334e-01 6.3729e-01 3.8554e-03
1.6448e-01 6.3730e-01 3.9192e-03
1.6562e-01 6.3732e-01 3.9843e-03
1.6677e-01 6.3733e-01 4.0508e-03
1.6792e-01 6.3735e-01 4.1187e-03
1.6909e-01 6.3737e-01 4.1880e-03
1.7026e-01 6.3739e-01 4.2588e-03
1.7144e-01 6.3741e-01 4.3311e-03
1.7263e-01 6.3743e-01 4.4049e-03
1.7383e-01 6.3745e-01 4.4802e-03
1.7504e-01 6.3748e-01 4.5571e-03
1.7625e-01 6.3751e-01 4.6356e-03
1.7748e-01 6.3754e-01 4.7158e-03
1.7871e-01 6.3757e-01 4.7977e-03
1.7995e-01 6.3760e-01 4.8813e-03
1.8120e-01 6.3764e-01 4.9666e-03
1.8245e-01 6.3767e-01 5.0538e-03
1.8372e-01 6.3771e-01 5.1428e-03
1.8500e-01 6.3776e-01 5.2336e-03
1.8628e-01 6.3780e-01 5.3264e-03
1.8757e-01 6.3784e-01 5.4211e-03
1.8887e-01 6.3789e-01 5.5178e-03
1.9018e-01 6.3794e-01 5.6165e-03
1.9150e-01 6.3800e-01 5.7173e-03
1.9283e-01 6.3805e-01 5.8203e-03
1.9417e-01 6.3811e-01 5.9254e-03
1.9552e-01 6.3817e-01 6.0327e-03
1.9688e-01 6.3823e-01 6.1422e-03
1.9824e-01 6.3830e-01 6.2541e-03
1.9962e-01 6.3837e-01 6.3683e-03
2.0100e-01 6.3844e-01 6.4849e-03
2.0240e-01 6.3852e-01 6.6040e-03
2.0380e-01 6.3860e-01 6.7256e-03
2.0522e-01 6.3868e-01 6.8497e-03
2.0664e-01 6.3876e-01 6.9765e-03
2.0807e-01 6.3885e-01 7.1059e-03
2.0952e-01 6.3894e-01 7.2380e-03
2.1097e-01 6.3904e-01 7.3729e-03
2.1244e-01 6.3914e-01 7.5107e-03
2.1391e-01 6.3924e-01 7.6513e-03
2.1540e-01 6.3935e-01 7.7949e-03
2.1689e-01 6.3946e-01 7.9415e-03
2.1840e-01 6.3957e-01 8.0912e-03
2.1991e-01 6.3969e-01 8.2441e-03
2.2144e-01 6.3982e-01 8.4002e-03
2.2297e-01 6.3994e-01 8.5595e-03
2.2452e-01 6.4007e-01 8.7222e-03
2.2608e-01 6.4021e-01 8.8884e-03
2.2765e-01 6.4035e-01 9.0580e-03
2.2923e-01 6.4050e-01 9.2312e-03
2.3082e-01 6.4065e-01 9.4080e-03
2.3242e-01 6.4081e-01 9.5885e-03
2.3403e-01 6.4097e-01 9.7729e-03
2.3566e-01 6.4114e-01 9.9611e-03
2.3729e-01 6.4131e-01 1.0153e-02
2.3894e-01 6.4149e-01 1.0349e-02
2.4060e-01 6.4167e-01 1.0550e-02
2.4227e-01 6.4186e-01 1.0754e-02
2.4395e-01 6.4205e-01 1.0963e-02
2.4564e-01 6.4226e-01 1.1176e-02
2.4735e-01 6.4246e-01 1.1394e-02
2.4906e-01 6.4268e-01 1.1616e-02
2.5079e-01 6.4290e-01 1.1843e-02
2.5253e-01 6.4313e-01 1.2075e-02
2.5428e-01 6.4336e-01 1.2312e-02
2.5605e-01 6.4360e-01 1.2553e-02
2.5783e-01 6.4385e-01 1.2800e-02
2.5961e-01 6.4411e-01 1.3052e-02
2.6142e-01 6.4437e-01 1.3309e-02
2.6323e-01 6.4464e-01 1.3572e-02
2.6506e-01 6.4492e-01 1.3840e-02
2.6690e-01 6.4521e-01 1.4113e-02
2.6875e-01 6.4550e-01 1.4393e-02
2.7061e-01 6.4581e-01 1.4678e-02
2.7249e-01 6.4612e-01 1.4969e-02
2.7438e-01 6.4644e-01 1.5267e-02
2.7629e-01 6.4677e-01 1.5571e-02
2.7820e-01 6.4711e-01 1.5881e-02
2.8014e-01 6.4746e-01 1.6197e-02
2.8208e-01 6.4782e-01 1.6520e-02
2.8404e-01 6.4819e-01 1.6850e-02
2.8601e-01 6.4857e-01 1.7187e-02
2.8799e-01 6.4895e-01 1.7531e-02
2.8999e-01 6.4935e-01 1.7882e-02
2.9200e-01 6.4976e-01 1.8241e-02
2.9403e-01 6.5019e-01 1.8607e-02
2.9607e-01 6.5062e-01 1.8981e-02
2.9813e-01 6.5106e-01 1.9362e-02
3.0019e-01 6.5152e-01 1.9752e-02
3.0228e-01 6.5199e-01 2.0150e-02
3.0437e-01 6.5247e-01 2.0556e-02
3.0649e-01 6.5296e-01 2.0971e-02
3.0861e-01 6.5347e-01 2.1394e-02
3.1076e-01 6.5399e-01 2.1826e-02
3.1291e-01 6.5452e-01 2.2267e-02
3.1508e-01 6.5506e-01 2.2718e-02
3.1727e-01 6.5562e-01 2.3178e-02
3.1947e-01 6.5620e-01 2.3647e-02
3.2169e-01 6.5679e-01 2.4127e-02
3.2392e-01 6.5739e-01 2.4616e-02
3.2617e-01 6.5801e-01 2.5116e-02
3.2843e-01 6.5865e-01 2.5626e-02
3.3071e-01 6.5930e-01 2.6147e-02
3.3301e-01 6.5996e-01 2.6678e-02
3.3532e-01 6.6065e-01 2.7221e-02
3.3764e-01 6.6135e-01 2.7775e-02
3.3999e-01 6.6207e-01 2.8341e-02
3.4235e-01 6.6280e-01 2.8919e-02
3.4472e-01 6.6356e-01 2.9508e-02
3.4712e-01 6.6433e-01 3.0110e-02
3.4952e-01 6.6512e-01 3.0725e-02
3.5195e-01 6.6593e-01 3.1352e-02
3.5439e-01 6.6676e-01 3.1992e-02
3.5685e-01 6.6761e-01 3.2646e-02
3.5933e-01 6.6848e-01 3.3314e-02
3.6182e-01 6.6937e-01 3.3995e-02
3.6433e-01 6.7028e-01 3.4690e-02
3.6686e-01 6.7122e-01 3.5400e-02
3.6941e-01 6.7218e-01 3.6125e-02
3.7197e-01 6.7316e-01 3.6865e-02
3.7455e-01 6.7416e-01 3.7620e-02
3.7715e-01 6.7518e-01 3.8391e-02
3.7977e-01 6.7623e-01 3.9178e-02
3.8240e-01 6.7731e-01 3.9982e-02
3.8506e-01 6.7841e-01 4.0802e-02
3.8773e-01 6.7953e-01 4.1639e-02
3.9042e-01 6.8069e-01 4.2494e-02
3.9313e-01 6.8186e-01 4.3366e-02
3.9586e-01 6.8307e-01 4.4256e-02
3.9861e-01 6.8430e-01 4.5165e-02
4.0137e-01 6.8556e-01 4.6093e-02
4.0416e-01 6.8685e-01 4.7039e-02
4.0696e-01 6.8817e-01 4.8006e-02
4.0979e-01 6.8952e-01 4.8992e-02
4.1263e-01 6.9090e-01 4.9999e-02
4.1549e-01 6.9231e-01 5.1027e-02
4.1838e-01 6.9375e-01 5.2075e-02
4.2128e-01 6.9523e-01 5.3146e-02
4.2420e-01 6.9674e-01 5.4239e-02
4.2715e-01 6.9828e-01 5.5354e-02
4.3011e-01 6.9985e-01 5.6492e-02
4.3310e-01 7.0146e-01 5.7653e-02
4.3610e-01 7.0311e-01 5.8839e-02
4.3913e-01 7.0479e-01 6.0049e-02
4.4218e-01 7.0651e-01 6.1283e-02
4.4524e-01 7.0826e-01 6.2543e-02
4.4833e-01 7.1006e-01 6.3829e-02
4.5144e-01 7.1189e-01 6.5142e-02
4.5458e-01 7.1376e-01 6.6481e-02
4.5773e-01 7.1568e-01 6.7847e-02
4.6091e-01 7.1763e-01 6.9242e-02
4.6411e-01 7.1963e-01 7.0665e-02
4.6733e-01 7.2167e-01 7.2117e-02
4.7057e-01 7.2375e-01 7.3599e-02
4.7384e-01 7.2587e-01 7.5111e-02
4.7713e-01 7.2805e-01 7.6654e-02
4.8044e-01 7.3026e-01 7.8228e-02
4.8377e-01 7.3252e-01 7.9834e-02
4.8713e-01 7.3483e-01 8.1473e-02
4.9051e-01 7.3719e-01 8.3145e-02
4.9391e-01 7.3960e-01 8.4851e-02
4.9734e-01 7.4206e-01 8.6592e-02
5.0079e-01 7.4456e-01 8.8367e-02
5.0427e-01 7.4712e-01 9.0179e-02
5.0777e-01 7.4973e-01 9.2027e-02
5.1129e-01 7.5240e-01 9.3913e-02
5.1484e-01 7.5511e-01 9.5836e-02
5.1841e-01 7.5789e-01 9.7798e-02
5.2201e-01 7.6071e-01 9.9799e-02
5.2563e-01 7.6360e-01 1.0184e-01
5.2928e-01 7.6654e-01 1.0392e-01
5.3295e-01 7.6954e-01 1.0605e-01
5.3665e-01 7.7260e-01 1.0821e-01
5.4037e-01 7.7572e-01 1.1042e-01
5.4412e-01 7.7890e-01 1.1268e-01
5.4790e-01 7.8214e-01 1.1498e-01
5.5170e-01 7.8545e-01 1.1732e-01
5.5553e-01 7.8882e-01 1.1971e-01
5.5939e-01 7.9225e-01 1.2215e-01
5.6327e-01 7.9575e-01 1.2464e-01
5.6718e-01 7.9932e-01 1.2717e-01
5.7111e-01 8.0295e-01 1.2976e-01
5.7508e-01 8.0665e-01 1.3239e-01
5.7907e-01 8.1042e-01 1.3508e-01
5.8309e-01 8.1426e-01 1.3782e-01
5.8713e-01 8.1817e-01 1.4062e-01
5.9121e-01 8.2215e-01 1.4347e-01
5.9531e-01 8.2621e-01 1.4637e-01
5.9944e-01 8.3034e-01 1.4933e-01
6.0360e-01 8.3454e-01 1.5235e-01
6.0779e-01 8.3882e-01 1.5543e-01
6.1201e-01 8.4318e-01 1.5856e-01
6.1625e-01 8.4761e-01 1.6176e-01
6.2053e-01 8.5212e-01 1.6502e-01
6.2484e-01 8.5672e-01 1.6834e-01
6.2917e-01 8.6139e-01 1.7172e-01
6.3354e-01 8.6614e-01 1.7517e-01
6.3794e-01 8.7097e-01 1.7869e-01
6.4236e-01 8.7588e-01 1.8227e-01
6.4682e-01 8.8088e-01 1.8592e-01
6.5131e-01 8.8596e-01 1.8964e-01
6.5583e-01 8.9113e-01 1.9342e-01
6.6038e-01 8.9638e-01 1.9728e-01
6.6496e-01 9.0172e-01 2.0122e-01
6.6958e-01 9.0714e-01 2.0522e-01
6.7422e-01 9.1265e-01 2.0930e-01
6.7890e-01 9.1825e-01 2.1346e-01
6.8361e-01 9.2394e-01 2.1769e-01
6.8836e-01 9.2971e-01 2.2201e-01
6.9313e-01 9.3558e-01 2.2640e-01
6.9795e-01 9.4153e-01 2.3087e-01
7.0279e-01 9.4758e-01 2.3542e-01
7.0767e-01 9.5372e-01 2.4006e-01
7.1258e-01 9.5995e-01 2.4478e-01
7.1752e-01 9.6627e-01 2.4959e-01
7.2250e-01 9.7268e-01 2.5448e-01
7.2751e-01 9.7919e-01 2.5947e-01
7.3256e-01 9.8579e-01 2.6454e-01
7.3765e-01 9.9248e-01 2.6970e-01
7.4277e-01 9.9926e-01 2.7495e-01
7.4792e-01 1.0061e+00 2.8030e-01
7.5311e-01 1.0131e+00 2.8574e-01
7.5834e-01 1.0202e+00 2.9127e-01
7.6360e-01 1.0273e+00 2.9691e-01
7.6890e-01 1.0346e+00 3.0264e-01
7.7424e-01 1.0419e+00 3.0847e-01
7.7961e-01 1.0494e+00 3.1440e-01
7.8502e-01 1.0569e+00 3.2043e-01
7.9047e-01 1.0645e+00 3.2657e-01
7.9595e-01 1.0722e+00 3.3281e-01
8.0148e-01 1.0800e+00 3.3916e-01
8.0704e-01 1.0879e+00 3.4561e-01
8.1264e-01 1.0959e+00 3.5217e-01
8.1828e-01 1.1039e+00 3.5884e-01
8.2396e-01 1.1121e+00 3.6563e-01
8.2967e-01 1.1203e+00 3.7252e-01
8.3543e-01 1.1287e+00 3.7953e-01
8.4123e-01 1.1371e+00 3.8665e-01
8.4707e-01 1.1456e+00 3.9388e-01
8.5294e-01 1.1542e+00 4.0124e-01
8.5886e-01 1.1628e+00 4.0871e-01
8.6482e-01 1.1715e+00 4.1630e-01
8.7083e-01 1.1804e+00 4.2401e-01
8.7687e-01 1.1893e+00 4.3184e-01
8.8295e-01 1.1982e+00 4.3979e-01
8.8908e-01 1.2073e+00 4.4787e-01
8.9525e-01 1.2164e+00 4.5607e-01
9.0146e-01 1.2255e+00 4.6440e-01
9.0772e-01 1.2348e+00 4.7285e-01
9.1402e-01 1.2441e+00 4.8143e-01
9.2036e-01 1.2534e+00 4.9014e-01
9.2675e-01 1.2629e+00 4.9898e-01
9.3318e-01 1.2723e+00 5.0795e-01
9.3966e-01 1.2819e+00 5.1704e-01
9.4618e-01 1.2915e+00 5.2628e-01
9.5274e-01 1.3011e+00 5.3564e-01
9.5936e-01 1.3107e+00 5.4514e-01
9.6601e-01 1.3205e+00 5.5477e-01
9.7272e-01 1.3302e+00 5.6454e-01
9.7947e-01 1.3400e+00 5.7444e-01
9.8626e-01 1.3498e+00 5.8448e-01
9.9311e-01 1.3596e+00 5.9465e-01
1.0000e+00 1.3695e+00 6.0496e-01
