9.9900e-04 1.9025e+04 -1.6115e+00
1.0059e-03 1.8814e+04 -1.6109e+00
1.0129e-03 1.8606e+04 -1.6103e+00
1.0199e-03 1.8400e+04 -1.6097e+00
1.0270e-03 1.8196e+04 -1.6091e+00
1.0341e-03 1.7995e+04 -1.6085e+00
1.0413e-03 1.7796e+04 -1.6079e+00
1.0486e-03 1.7599e+04 -1.6073e+00
1.0558e-03 1.7404e+04 -1.6068e+00
1.0632e-03 1.7212e+04 -1.6062e+00
1.0705e-03 1.7022e+04 -1.6056e+00
1.0780e-03 1.6834e+04 -1.6050e+00
1.0854e-03 1.6648e+04 -1.6045e+00
1.0930e-03 1.6465e+04 -1.6039e+00
1.1006e-03 1.6283e+04 -1.6033e+00
1.1082e-03 1.6103e+04 -1.6028e+00
1.1159e-03 1.5926e+04 -1.6022e+00
1.1236e-03 1.5751e+04 -1.6016e+00
1.1314e-03 1.5577e+04 -1.6011e+00
1.1393e-03 1.5406e+04 -1.6005e+00
1.1472e-03 1.5236e+04 -1.6000e+00
1.1551e-03 1.5068e+04 -1.5994e+00
1.1632e-03 1.4903e+04 -1.5989e+00
1.1712e-03 1.4739e+04 -1.5983e+00
1.1794e-03 1.4577e+04 -1.5978e+00
1.1875e-03 1.4417e+04 -1.5972e+00
1.1958e-03 1.4258e+04 -1.5967e+00
1.2041e-03 1.4102e+04 -1.5962e+00
1.2124e-03 1.3947e+04 -1.5956e+00
1.2209e-03 1.3794e+04 -1.5951e+00
1.2293e-03 1.3643e+04 -1.5946e+00
1.2379e-03 1.3493e+04 -1.5940e+00
1.2465e-03 1.3345e+04 -1.5935e+00
1.2551e-03 1.3199e+04 -1.5930e+00
1.2638e-03 1.3054e+04 -1.5925e+00
1.2726e-03 1.2911e+04 -1.5919e+00
1.2814e-03 1.2770e+04 -1.5914e+00
1.2903e-03 1.2630e+04 -1.5909e+00
1.2993e-03 1.2492e+04 -1.5904e+00
1.3083e-03 1.2356e+04 -1.5899e+00
1.3174e-03 1.2220e+04 -1.5894e+00
1.3265e-03 1.2087e+04 -1.5889e+00
1.3357e-03 1.1955e+04 -1.5884e+00
1.3450e-03 1.1824e+04 -1.5879e+00
1.3543e-03 1.1695e+04 -1.5874e+00
1.3637e-03 1.1567e+04 -1.5869e+00
1.3732e-03 1.1441e+04 -1.5864e+00
1.3827e-03 1.1316e+04 -1.5859e+00
1.3923e-03 1.1193e+04 -1.5854e+00
1.4020e-03 1.1071e+04 -1.5849e+00
1.4117e-03 1.0950e+04 -1.5844e+00
1.4215e-03 1.0831e+04 -1.5839e+00
1.4313e-03 1.0713e+04 -1.5835e+00
1.4413e-03 1.0596e+04 -1.5830e+00
1.4513e-03 1.0481e+04 -1.5825e+00
1.4614e-03 1.0367e+04 -1.5820e+00
1.4715e-03 1.0254e+04 -1.5816e+00
1.4817e-03 1.0143e+04 -1.5811e+00
1.4920e-03 1.0032e+04 -1.5806e+00
1.5023e-03 9.9233e+03 -1.5801e+00
1.5128e-03 9.8154e+03 -1.5797e+00
1.5233e-03 9.7088e+03 -1.5792e+00
1.5338e-03 9.6034e+03 -1.5788e+00
1.5445e-03 9.4991e+03 -1.5783e+00
1.5552e-03 9.3960e+03 -1.5779e+00
1.5660e-03 9.2940e+03 -1.5774e+00
1.5769e-03 9.1932e+03 -1.5769e+00
1.5878e-03 9.0935e+03 -1.5765e+00
1.5988e-03 8.9949e+03 -1.5761e+00
1.6099e-03 8.8974e+03 -1.5756e+00
1.6211e-03 8.8010e+03 -1.5752e+00
1.6323e-03 8.7057e+03 -1.5747e+00
1.6437e-03 8.6114e+03 -1.5743e+00
1.6551e-03 8.5182e+03 -1.5739e+00
1.6666e-03 8.4260e+03 -1.5734e+00
1.6781e-03 8.3348e+03 -1.5730e+00
1.6898e-03 8.2446e+03 -1.5726e+00
1.7015e-03 8.1555e+03 -1.5721e+00
1.7133e-03 8.0673e+03 -1.5717e+00
1.7252e-03 7.9801e+03 -1.5713e+00
1.7372e-03 7.8939e+03 -1.5709e+00
1.7492e-03 7.8086e+03 -1.5704e+00
1.7614e-03 7.7242e+03 -1.5700e+00
1.7736e-03 7.6408e+03 -1.5696e+00
1.7859e-03 7.5584e+03 -1.5692e+00
1.7983e-03 7.4768e+03 -1.5688e+00
1.8108e-03 7.3961e+03 -1.5684e+00
1.8233e-03 7.3163e+03 -1.5680e+00
1.8360e-03 7.2375e+03 -1.5676e+00
1.8487e-03 7.1594e+03 -1.5672e+00
1.8616e-03 7.0823e+03 -1.5668e+00
1.8745e-03 7.0059e+03 -1.5664e+00
1.8875e-03 6.9305e+03 -1.5660e+00
1.9006e-03 6.8558e+03 -1.5656e+00
1.9138e-03 6.7820e+03 -1.5652e+00
1.9270e-03 6.7090e+03 -1.5648e+00
1.9404e-03 6.6368e+03 -1.5644e+00
1.9539e-03 6.5654e+03 -1.5640e+00
1.9674e-03 6.4948e+03 -1.5636e+00
1.9811e-03 6.4249e+03 -1.5632e+00
1.9948e-03 6.3559e+03 -1.5629e+00
2.0087e-03 6.2875e+03 -1.5625e+00
2.0226e-03 6.2200e+03 -1.5621e+00
2.0367e-03 6.1531e+03 -1.5617e+00
2.0508e-03 6.0871e+03 -1.5614e+00
2.0650e-03 6.0217e+03 -1.5610e+00
2.0794e-03 5.9570e+03 -1.5606e+00
2.0938e-03 5.8931e+03 -1.5603e+00
2.1083e-03 5.8299e+03 -1.5599e+00
2.1230e-03 5.7673e+03 -1.5595e+00
2.1377e-03 5.7055e+03 -1.5592e+00
2.1525e-03 5.6443e+03 -1.5588e+00
2.1675e-03 5.5838e+03 -1.5585e+00
2.1825e-03 5.5239e+03 -1.5581e+00
2.1976e-03 5.4647e+03 -1.5577e+00
2.2129e-03 5.4062e+03 -1.5574e+00
2.2283e-03 5.3483e+03 -1.5570e+00
2.2437e-03 5.2910e+03 -1.5567e+00
2.2593e-03 5.2343e+03 -1.5563e+00
2.2750e-03 5.1783e+03 -1.5560e+00
2.2908e-03 5.1229e+03 -1.5557e+00
2.3067e-03 5.0681e+03 -1.5553e+00
2.3227e-03 5.0139e+03 -1.5550e+00
2.3388e-03 4.9602e+03 -1.5546e+00
2.3550e-03 4.9072e+03 -1.5543e+00
2.3713e-03 4.8547e+03 -1.5540e+00
2.3878e-03 4.8029e+03 -1.5536e+00
2.4044e-03 4.7515e+03 -1.5533e+00
2.4211e-03 4.7008e+03 -1.5530e+00
2.4379e-03 4.6506e+03 -1.5527e+00
2.4548e-03 4.6009e+03 -1.5523e+00
2.4718e-03 4.5518e+03 -1.5520e+00
2.4890e-03 4.5032e+03 -1.5517e+00
2.5062e-03 4.4551e+03 -1.5514e+00
2.5236e-03 4.4076e+03 -1.5511e+00
2.5411e-03 4.3606e+03 -1.5507e+00
2.5588e-03 4.3141e+03 -1.5504e+00
2.5765e-03 4.2680e+03 -1.5501e+00
2.5944e-03 4.2225e+03 -1.5498e+00
2.6124e-03 4.1775e+03 -1.5495e+00
2.6306e-03 4.1330e+03 -1.5492e+00
2.6488e-03 4.0890e+03 -1.5489e+00
2.6672e-03 4.0454e+03 -1.5486e+00
2.6857e-03 4.0023e+03 -1.5483e+00
2.7043e-03 3.9597e+03 -1.5480e+00
2.7231e-03 3.9175e+03 -1.5477e+00
2.7420e-03 3.8758e+03 -1.5474e+00
2.7610e-03 3.8346e+03 -1.5471e+00
2.7802e-03 3.7938e+03 -1.5468e+00
2.7995e-03 3.7534e+03 -1.5465e+00
2.8189e-03 3.7135e+03 -1.5462e+00
2.8385e-03 3.6740e+03 -1.5459e+00
2.8582e-03 3.6349e+03 -1.5456e+00
2.8780e-03 3.5963e+03 -1.5453e+00
2.8980e-03 3.5581e+03 -1.5451e+00
2.9181e-03 3.5203e+03 -1.5448e+00
2.9383e-03 3.4828e+03 -1.5445e+00
2.9587e-03 3.4458e+03 -1.5442e+00
2.9793e-03 3.4092e+03 -1.5439e+00
2.9999e-03 3.3730e+03 -1.5437e+00
3.0208e-03 3.3372e+03 -1.5434e+00
3.0417e-03 3.3018e+03 -1.5431e+00
3.0628e-03 3.2668e+03 -1.5428e+00
3.0841e-03 3.2321e+03 -1.5426e+00
3.1055e-03 3.1978e+03 -1.5423e+00
3.1270e-03 3.1639e+03 -1.5420e+00
3.1487e-03 3.1303e+03 -1.5418e+00
3.1706e-03 3.0971e+03 -1.5415e+00
3.1926e-03 3.0643e+03 -1.5412e+00
3.2147e-03 3.0318e+03 -1.5410e+00
3.2371e-03 2.9997e+03 -1.5407e+00
3.2595e-03 2.9679e+03 -1.5405e+00
3.2821e-03 2.9364e+03 -1.5402e+00
3.3049e-03 2.9053e+03 -1.5400e+00
3.3279e-03 2.8745e+03 -1.5397e+00
3.3509e-03 2.8441e+03 -1.5395e+00
3.3742e-03 2.8140e+03 -1.5392e+00
3.3976e-03 2.7842e+03 -1.5390e+00
3.4212e-03 2.7547e+03 -1.5387e+00
3.4449e-03 2.7256e+03 -1.5385e+00
3.4688e-03 2.6967e+03 -1.5382e+00
3.4929e-03 2.6682e+03 -1.5380e+00
3.5172e-03 2.6400e+03 -1.5377e+00
3.5416e-03 2.6120e+03 -1.5375e+00
3.5661e-03 2.5844e+03 -1.5372e+00
3.5909e-03 2.5571e+03 -1.5370e+00
3.6158e-03 2.5300e+03 -1.5368e+00
3.6409e-03 2.5033e+03 -1.5365e+00
3.6662e-03 2.4768e+03 -1.5363e+00
3.6916e-03 2.4507e+03 -1.5361e+00
3.7172e-03 2.4248e+03 -1.5358e+00
3.7430e-03 2.3992e+03 -1.5356e+00
3.7690e-03 2.3738e+03 -1.5354e+00
3.7952e-03 2.3487e+03 -1.5352e+00
3.8215e-03 2.3239e+03 -1.5349e+00
3.8480e-03 2.2994e+03 -1.5347e+00
3.8747e-03 2.2751e+03 -1.5345e+00
3.9016e-03 2.2511e+03 -1.5343e+00
3.9287e-03 2.2274e+03 -1.5340e+00
3.9559e-03 2.2039e+03 -1.5338e+00
3.9834e-03 2.1806e+03 -1.5336e+00
4.0110e-03 2.1576e+03 -1.5334e+00
4.0389e-03 2.1348e+03 -1.5332e+00
4.0669e-03 2.1123e+03 -1.5330e+00
4.0951e-03 2.0901e+03 -1.5328e+00
4.1235e-03 2.0680e+03 -1.5325e+00
4.1522e-03 2.0462e+03 -1.5323e+00
4.1810e-03 2.0247e+03 -1.5321e+00
4.2100e-03 2.0033e+03 -1.5319e+00
4.2392e-03 1.9822e+03 -1.5317e+00
4.2686e-03 1.9613e+03 -1.5315e+00
4.2982e-03 1.9407e+03 -1.5313e+00
4.3281e-03 1.9202e+03 -1.5311e+00
4.3581e-03 1.9000e+03 -1.5309e+00
4.3884e-03 1.8800e+03 -1.5307e+00
4.4188e-03 1.8602e+03 -1.5305e+00
4.4495e-03 1.8406e+03 -1.5303e+00
4.4803e-03 1.8212e+03 -1.5301e+00
4.5114e-03 1.8021e+03 -1.5299e+00
4.5427e-03 1.7831e+03 -1.5297e+00
4.5743e-03 1.7643e+03 -1.5295e+00
4.6060e-03 1.7458e+03 -1.5293e+00
4.6380e-03 1.7274e+03 -1.5291e+00
4.6702e-03 1.7092e+03 -1.5290e+00
4.7026e-03 1.6913e+03 -1.5288e+00
4.7352e-03 1.6735e+03 -1.5286e+00
4.7681e-03 1.6559e+03 -1.5284e+00
4.8012e-03 1.6385e+03 -1.5282e+00
4.8345e-03 1.6212e+03 -1.5280e+00
4.8680e-03 1.6042e+03 -1.5278e+00
4.9018e-03 1.5873e+03 -1.5277e+00
4.9358e-03 1.5707e+03 -1.5275e+00
4.9701e-03 1.5542e+03 -1.5273e+00
5.0046e-03 1.5378e+03 -1.5271e+00
5.0393e-03 1.5217e+03 -1.5269e+00
5.0743e-03 1.5057e+03 -1.5268e+00
5.1095e-03 1.4899e+03 -1.5266e+00
5.1449e-03 1.4742e+03 -1.5264e+00
5.1806e-03 1.4588e+03 -1.5263e+00
5.2166e-03 1.4434e+03 -1.5261e+00
5.2528e-03 1.4283e+03 -1.5259e+00
5.2893e-03 1.4133e+03 -1.5257e+00
5.3260e-03 1.3985e+03 -1.5256e+00
5.3629e-03 1.3838e+03 -1.5254e+00
5.4001e-03 1.3693e+03 -1.5252e+00
5.4376e-03 1.3549e+03 -1.5251e+00
5.4753e-03 1.3407e+03 -1.5249e+00
5.5133e-03 1.3266e+03 -1.5247e+00
5.5516e-03 1.3127e+03 -1.5246e+00
5.5901e-03 1.2989e+03 -1.5244e+00
5.6289e-03 1.2853e+03 -1.5243e+00
5.6680e-03 1.2718e+03 -1.5241e+00
5.7073e-03 1.2585e+03 -1.5239e+00
5.7469e-03 1.2453e+03 -1.5238e+00
5.7868e-03 1.2323e+03 -1.5236e+00
5.8270e-03 1.2193e+03 -1.5235e+00
5.8674e-03 1.2066e+03 -1.5233e+00
5.9081e-03 1.1939e+03 -1.5232e+00
5.9491e-03 1.1814e+03 -1.5230e+00
5.9904e-03 1.1690e+03 -1.5229e+00
6.0320e-03 1.1568e+03 -1.5227e+00
6.0738e-03 1.1447e+03 -1.5226e+00
6.1160e-03 1.1327e+03 -1.5224e+00
6.1584e-03 1.1208e+03 -1.5223e+00
6.2012e-03 1.1091e+03 -1.5221e+00
6.2442e-03 1.0975e+03 -1.5220e+00
6.2875e-03 1.0860e+03 -1.5218e+00
6.3312e-03 1.0746e+03 -1.5217e+00
6.3751e-03 1.0634e+03 -1.5215e+00
6.4193e-03 1.0522e+03 -1.5214e+00
6.4639e-03 1.0412e+03 -1.5213e+00
6.5087e-03 1.0303e+03 -1.5211e+00
6.5539e-03 1.0195e+03 -1.5210e+00
6.5994e-03 1.0089e+03 -1.5208e+00
6.6452e-03 9.9832e+02 -1.5207e+00
6.6913e-03 9.8788e+02 -1.5206e+00
6.7377e-03 9.7754e+02 -1.5204e+00
6.7845e-03 9.6732e+02 -1.5203e+00
6.8316e-03 9.5720e+02 -1.5202e+00
6.8790e-03 9.4719e+02 -1.5200e+00
6.9267e-03 9.3729e+02 -1.5199e+00
6.9748e-03 9.2749e+02 -1.5198e+00
7.0232e-03 9.1779e+02 -1.5196e+00
7.0719e-03 9.0820e+02 -1.5195e+00
7.1210e-03 8.9870e+02 -1.5194e+00
7.1704e-03 8.8931e+02 -1.5192e+00
7.2202e-03 8.8002e+02 -1.5191e+00
7.2703e-03 8.7082e+02 -1.5190e+00
7.3208e-03 8.6172e+02 -1.5189e+00
7.3716e-03 8.5272e+02 -1.5187e+00
7.4227e-03 8.4381e+02 -1.5186e+00
7.4742e-03 8.3499e+02 -1.5185e+00
7.5261e-03 8.2627e+02 -1.5184e+00
7.5783e-03 8.1764e+02 -1.5182e+00
7.6309e-03 8.0910e+02 -1.5181e+00
7.6839e-03 8.0065e+02 -1.5180e+00
7.7372e-03 7.9229e+02 -1.5179e+00
7.7909e-03 7.8402e+02 -1.5178e+00
7.8450e-03 7.7583e+02 -1.5176e+00
7.8994e-03 7.6773e+02 -1.5175e+00
7.9542e-03 7.5971e+02 -1.5174e+00
8.0094e-03 7.5178e+02 -1.5173e+00
8.0650e-03 7.4394e+02 -1.5172e+00
8.1210e-03 7.3617e+02 -1.5171e+00
8.1773e-03 7.2849e+02 -1.5170e+00
8.2341e-03 7.2089e+02 -1.5168e+00
8.2912e-03 7.1337e+02 -1.5167e+00
8.3487e-03 7.0592e+02 -1.5166e+00
8.4067e-03 6.9856e+02 -1.5165e+00
8.4650e-03 6.9127e+02 -1.5164e+00
8.5238e-03 6.8406e+02 -1.5163e+00
8.5829e-03 6.7692e+02 -1.5162e+00
8.6425e-03 6.6986e+02 -1.5161e+00
8.7025e-03 6.6288e+02 -1.5160e+00
8.7628e-03 6.5596e+02 -1.5159e+00
8.8237e-03 6.4912e+02 -1.5157e+00
8.8849e-03 6.4235e+02 -1.5156e+00
8.9466e-03 6.3566e+02 -1.5155e+00
9.0086e-03 6.2903e+02 -1.5154e+00
9.0712e-03 6.2247e+02 -1.5153e+00
9.1341e-03 6.1598e+02 -1.5152e+00
9.1975e-03 6.0956e+02 -1.5151e+00
9.2613e-03 6.0321e+02 -1.5150e+00
9.3256e-03 5.9692e+02 -1.5149e+00
9.3903e-03 5.9070e+02 -1.5148e+00
9.4555e-03 5.8455e+02 -1.5147e+00
9.5211e-03 5.7845e+02 -1.5146e+00
9.5872e-03 5.7243e+02 -1.5145e+00
9.6537e-03 5.6646e+02 -1.5144e+00
9.7207e-03 5.6056e+02 -1.5143e+00
9.7881e-03 5.5472e+02 -1.5142e+00
9.8561e-03 5.4894e+02 -1.5141e+00
9.9245e-03 5.4322e+02 -1.5140e+00
9.9933e-03 5.3757e+02 -1.5140e+00
1.0063e-02 5.3197e+02 -1.5139e+00
1.0133e-02 5.2643e+02 -1.5138e+00
1.0203e-02 5.2095e+02 -1.5137e+00
1.0274e-02 5.1552e+02 -1.5136e+00
1.0345e-02 5.1015e+02 -1.5135e+00
1.0417e-02 5.0484e+02 -1.5134e+00
1.0489e-02 4.9959e+02 -1.5133e+00
1.0562e-02 4.9438e+02 -1.5132e+00
1.0635e-02 4.8924e+02 -1.5131e+00
1.0709e-02 4.8415e+02 -1.5130e+00
1.0783e-02 4.7911e+02 -1.5130e+00
1.0858e-02 4.7412e+02 -1.5129e+00
1.0933e-02 4.6918e+02 -1.5128e+00
1.1009e-02 4.6430e+02 -1.5127e+00
1.1086e-02 4.5947e+02 -1.5126e+00
1.1163e-02 4.5469e+02 -1.5125e+00
1.1240e-02 4.4996e+02 -1.5124e+00
1.1318e-02 4.4528e+02 -1.5124e+00
1.1397e-02 4.4064e+02 -1.5123e+00
1.1476e-02 4.3606e+02 -1.5122e+00
1.1555e-02 4.3152e+02 -1.5121e+00
1.1636e-02 4.2703e+02 -1.5120e+00
1.1716e-02 4.2259e+02 -1.5119e+00
1.1798e-02 4.1820e+02 -1.5119e+00
1.1879e-02 4.1385e+02 -1.5118e+00
1.1962e-02 4.0954e+02 -1.5117e+00
1.2045e-02 4.0528e+02 -1.5116e+00
1.2128e-02 4.0107e+02 -1.5115e+00
1.2213e-02 3.9690e+02 -1.5115e+00
1.2297e-02 3.9277e+02 -1.5114e+00
1.2383e-02 3.8869e+02 -1.5113e+00
1.2469e-02 3.8465e+02 -1.5112e+00
1.2555e-02 3.8065e+02 -1.5112e+00
1.2642e-02 3.7669e+02 -1.5111e+00
1.2730e-02 3.7277e+02 -1.5110e+00
1.2818e-02 3.6890e+02 -1.5109e+00
1.2907e-02 3.6506e+02 -1.5109e+00
1.2997e-02 3.6127e+02 -1.5108e+00
1.3087e-02 3.5752e+02 -1.5107e+00
1.3178e-02 3.5380e+02 -1.5106e+00
1.3269e-02 3.5012e+02 -1.5106e+00
1.3361e-02 3.4648e+02 -1.5105e+00
1.3454e-02 3.4288e+02 -1.5104e+00
1.3548e-02 3.3932e+02 -1.5104e+00
1.3642e-02 3.3580e+02 -1.5103e+00
1.3736e-02 3.3231e+02 -1.5102e+00
1.3832e-02 3.2885e+02 -1.5101e+00
1.3928e-02 3.2544e+02 -1.5101e+00
1.4024e-02 3.2206e+02 -1.5100e+00
1.4122e-02 3.1871e+02 -1.5099e+00
1.4220e-02 3.1540e+02 -1.5099e+00
1.4318e-02 3.1212e+02 -1.5098e+00
1.4418e-02 3.0888e+02 -1.5097e+00
1.4518e-02 3.0567e+02 -1.5097e+00
1.4618e-02 3.0250e+02 -1.5096e+00
1.4720e-02 2.9936e+02 -1.5095e+00
1.4822e-02 2.9625e+02 -1.5095e+00
1.4925e-02 2.9317e+02 -1.5094e+00
1.5028e-02 2.9013e+02 -1.5094e+00
1.5133e-02 2.8712e+02 -1.5093e+00
1.5238e-02 2.8413e+02 -1.5092e+00
1.5343e-02 2.8118e+02 -1.5092e+00
1.5450e-02 2.7826e+02 -1.5091e+00
1.5557e-02 2.7538e+02 -1.5090e+00
1.5665e-02 2.7252e+02 -1.5090e+00
1.5774e-02 2.6969e+02 -1.5089e+00
1.5883e-02 2.6689e+02 -1.5089e+00
1.5994e-02 2.6412e+02 -1.5088e+00
1.6105e-02 2.6138e+02 -1.5087e+00
1.6216e-02 2.5866e+02 -1.5087e+00
1.6329e-02 2.5598e+02 -1.5086e+00
1.6442e-02 2.5332e+02 -1.5086e+00
1.6556e-02 2.5069e+02 -1.5085e+00
1.6671e-02 2.4809e+02 -1.5084e+00
1.6787e-02 2.4552e+02 -1.5084e+00
1.6903e-02 2.4297e+02 -1.5083e+00
1.7021e-02 2.4045e+02 -1.5083e+00
1.7139e-02 2.3795e+02 -1.5082e+00
1.7258e-02 2.3548e+02 -1.5082e+00
1.7377e-02 2.3304e+02 -1.5081e+00
1.7498e-02 2.3062e+02 -1.5080e+00
1.7619e-02 2.2823e+02 -1.5080e+00
1.7742e-02 2.2586e+02 -1.5079e+00
1.7865e-02 2.2352e+02 -1.5079e+00
1.7989e-02 2.2120e+02 -1.5078e+00
1.8114e-02 2.1891e+02 -1.5078e+00
1.8239e-02 2.1664e+02 -1.5077e+00
1.8366e-02 2.1439e+02 -1.5077e+00
1.8493e-02 2.1216e+02 -1.5076e+00
1.8622e-02 2.0996e+02 -1.5076e+00
1.8751e-02 2.0779e+02 -1.5075e+00
1.8881e-02 2.0563e+02 -1.5075e+00
1.9012e-02 2.0350e+02 -1.5074e+00
1.9144e-02 2.0139e+02 -1.5074e+00
1.9277e-02 1.9930e+02 -1.5073e+00
1.9411e-02 1.9723e+02 -1.5073e+00
1.9545e-02 1.9519e+02 -1.5072e+00
1.9681e-02 1.9316e+02 -1.5072e+00
1.9818e-02 1.9116e+02 -1.5071e+00
1.9955e-02 1.8918e+02 -1.5071e+00
2.0094e-02 1.8722e+02 -1.5070e+00
2.0233e-02 1.8528e+02 -1.5070e+00
2.0373e-02 1.8336e+02 -1.5069e+00
2.0515e-02 1.8146e+02 -1.5069e+00
2.0657e-02 1.7957e+02 -1.5068e+00
2.0801e-02 1.7771e+02 -1.5068e+00
2.0945e-02 1.7587e+02 -1.5067e+00
2.1090e-02 1.7405e+02 -1.5067e+00
2.1237e-02 1.7224e+02 -1.5066e+00
2.1384e-02 1.7046e+02 -1.5066e+00
2.1532e-02 1.6869e+02 -1.5065e+00
2.1682e-02 1.6694e+02 -1.5065e+00
2.1832e-02 1.6521e+02 -1.5064e+00
2.1984e-02 1.6350e+02 -1.5064e+00
2.2136e-02 1.6181e+02 -1.5064e+00
2.2290e-02 1.6013e+02 -1.5063e+00
2.2445e-02 1.5847e+02 -1.5063e+00
2.2600e-02 1.5683e+02 -1.5062e+00
2.2757e-02 1.5520e+02 -1.5062e+00
2.2915e-02 1.5359e+02 -1.5061e+00
2.3074e-02 1.5200e+02 -1.5061e+00
2.3234e-02 1.5043e+02 -1.5060e+00
2.3396e-02 1.4887e+02 -1.5060e+00
2.3558e-02 1.4733e+02 -1.5060e+00
2.3721e-02 1.4580e+02 -1.5059e+00
2.3886e-02 1.4429e+02 -1.5059e+00
2.4052e-02 1.4280e+02 -1.5058e+00
2.4219e-02 1.4132e+02 -1.5058e+00
2.4387e-02 1.3985e+02 -1.5058e+00
2.4556e-02 1.3840e+02 -1.5057e+00
2.4726e-02 1.3697e+02 -1.5057e+00
2.4898e-02 1.3555e+02 -1.5056e+00
2.5071e-02 1.3415e+02 -1.5056e+00
2.5245e-02 1.3276e+02 -1.5056e+00
2.5420e-02 1.3138e+02 -1.5055e+00
2.5596e-02 1.3002e+02 -1.5055e+00
2.5774e-02 1.2867e+02 -1.5054e+00
2.5953e-02 1.2734e+02 -1.5054e+00
2.6133e-02 1.2602e+02 -1.5054e+00
2.6314e-02 1.2472e+02 -1.5053e+00
2.6497e-02 1.2343e+02 -1.5053e+00
2.6681e-02 1.2215e+02 -1.5052e+00
2.6866e-02 1.2088e+02 -1.5052e+00
2.7052e-02 1.1963e+02 -1.5052e+00
2.7240e-02 1.1839e+02 -1.5051e+00
2.7429e-02 1.1717e+02 -1.5051e+00
2.7620e-02 1.1595e+02 -1.5051e+00
2.7811e-02 1.1475e+02 -1.5050e+00
2.8004e-02 1.1356e+02 -1.5050e+00
2.8199e-02 1.1239e+02 -1.5049e+00
2.8394e-02 1.1123e+02 -1.5049e+00
2.8591e-02 1.1007e+02 -1.5049e+00
2.8790e-02 1.0893e+02 -1.5048e+00
2.8989e-02 1.0781e+02 -1.5048e+00
2.9191e-02 1.0669e+02 -1.5048e+00
2.9393e-02 1.0559e+02 -1.5047e+00
2.9597e-02 1.0449e+02 -1.5047e+00
2.9803e-02 1.0341e+02 -1.5047e+00
3.0009e-02 1.0234e+02 -1.5046e+00
3.0218e-02 1.0128e+02 -1.5046e+00
3.0427e-02 1.0023e+02 -1.5046e+00
3.0638e-02 9.9195e+01 -1.5045e+00
3.0851e-02 9.8169e+01 -1.5045e+00
3.1065e-02 9.7152e+01 -1.5045e+00
3.1281e-02 9.6147e+01 -1.5044e+00
3.1498e-02 9.5152e+01 -1.5044e+00
3.1716e-02 9.4167e+01 -1.5044e+00
3.1937e-02 9.3192e+01 -1.5043e+00
3.2158e-02 9.2228e+01 -1.5043e+00
3.2381e-02 9.1273e+01 -1.5043e+00
3.2606e-02 9.0329e+01 -1.5042e+00
3.2832e-02 8.9394e+01 -1.5042e+00
3.3060e-02 8.8469e+01 -1.5042e+00
3.3290e-02 8.7553e+01 -1.5041e+00
3.3521e-02 8.6647e+01 -1.5041e+00
3.3753e-02 8.5751e+01 -1.5041e+00
3.3987e-02 8.4864e+01 -1.5040e+00
3.4223e-02 8.3985e+01 -1.5040e+00
3.4461e-02 8.3116e+01 -1.5040e+00
3.4700e-02 8.2256e+01 -1.5039e+00
3.4941e-02 8.1405e+01 -1.5039e+00
3.5183e-02 8.0563e+01 -1.5039e+00
3.5427e-02 7.9730e+01 -1.5038e+00
3.5673e-02 7.8905e+01 -1.5038e+00
3.5921e-02 7.8088e+01 -1.5038e+00
3.6170e-02 7.7280e+01 -1.5038e+00
3.6421e-02 7.6481e+01 -1.5037e+00
3.6674e-02 7.5690e+01 -1.5037e+00
3.6928e-02 7.4907e+01 -1.5037e+00
3.7185e-02 7.4132e+01 -1.5036e+00
3.7443e-02 7.3365e+01 -1.5036e+00
3.7703e-02 7.2606e+01 -1.5036e+00
3.7964e-02 7.1855e+01 -1.5035e+00
3.8228e-02 7.1112e+01 -1.5035e+00
3.8493e-02 7.0376e+01 -1.5035e+00
3.8760e-02 6.9648e+01 -1.5034e+00
3.9029e-02 6.8928e+01 -1.5034e+00
3.9300e-02 6.8215e+01 -1.5034e+00
3.9573e-02 6.7509e+01 -1.5034e+00
3.9847e-02 6.6811e+01 -1.5033e+00
4.0124e-02 6.6120e+01 -1.5033e+00
4.0402e-02 6.5436e+01 -1.5033e+00
4.0683e-02 6.4759e+01 -1.5032e+00
4.0965e-02 6.4090e+01 -1.5032e+00
4.1249e-02 6.3427e+01 -1.5032e+00
4.1535e-02 6.2771e+01 -1.5032e+00
4.1824e-02 6.2122e+01 -1.5031e+00
4.2114e-02 6.1479e+01 -1.5031e+00
4.2406e-02 6.0844e+01 -1.5031e+00
4.2700e-02 6.0215e+01 -1.5030e+00
4.2997e-02 5.9592e+01 -1.5030e+00
4.3295e-02 5.8976e+01 -1.5030e+00
4.3596e-02 5.8366e+01 -1.5030e+00
4.3898e-02 5.7762e+01 -1.5029e+00
4.4203e-02 5.7165e+01 -1.5029e+00
4.4510e-02 5.6574e+01 -1.5029e+00
4.4818e-02 5.5989e+01 -1.5028e+00
4.5129e-02 5.5410e+01 -1.5028e+00
4.5443e-02 5.4837e+01 -1.5028e+00
4.5758e-02 5.4270e+01 -1.5027e+00
4.6076e-02 5.3709e+01 -1.5027e+00
4.6395e-02 5.3154e+01 -1.5027e+00
4.6717e-02 5.2605e+01 -1.5027e+00
4.7041e-02 5.2061e+01 -1.5026e+00
4.7368e-02 5.1522e+01 -1.5026e+00
4.7697e-02 5.0990e+01 -1.5026e+00
4.8028e-02 5.0463e+01 -1.5025e+00
4.8361e-02 4.9941e+01 -1.5025e+00
4.8697e-02 4.9425e+01 -1.5025e+00
4.9034e-02 4.8914e+01 -1.5025e+00
4.9375e-02 4.8408e+01 -1.5024e+00
4.9717e-02 4.7908e+01 -1.5024e+00
5.0062e-02 4.7413e+01 -1.5024e+00
5.0410e-02 4.6923e+01 -1.5023e+00
5.0760e-02 4.6438e+01 -1.5023e+00
5.1112e-02 4.5958e+01 -1.5023e+00
5.1467e-02 4.5483e+01 -1.5023e+00
5.1824e-02 4.5013e+01 -1.5022e+00
5.2183e-02 4.4548e+01 -1.5022e+00
5.2546e-02 4.4087e+01 -1.5022e+00
5.2910e-02 4.3632e+01 -1.5021e+00
5.3277e-02 4.3181e+01 -1.5021e+00
5.3647e-02 4.2734e+01 -1.5021e+00
5.4019e-02 4.2293e+01 -1.5020e+00
5.4394e-02 4.1856e+01 -1.5020e+00
5.4772e-02 4.1423e+01 -1.5020e+00
5.5152e-02 4.0995e+01 -1.5020e+00
5.5535e-02 4.0572e+01 -1.5019e+00
5.5920e-02 4.0152e+01 -1.5019e+00
5.6308e-02 3.9737e+01 -1.5019e+00
5.6699e-02 3.9327e+01 -1.5018e+00
5.7092e-02 3.8921e+01 -1.5018e+00
5.7488e-02 3.8518e+01 -1.5018e+00
5.7887e-02 3.8120e+01 -1.5017e+00
5.8289e-02 3.7727e+01 -1.5017e+00
5.8694e-02 3.7337e+01 -1.5017e+00
5.9101e-02 3.6951e+01 -1.5016e+00
5.9511e-02 3.6569e+01 -1.5016e+00
5.9924e-02 3.6192e+01 -1.5016e+00
6.0340e-02 3.5818e+01 -1.5015e+00
6.0759e-02 3.5448e+01 -1.5015e+00
6.1180e-02 3.5081e+01 -1.5015e+00
6.1605e-02 3.4719e+01 -1.5014e+00
6.2032e-02 3.4360e+01 -1.5014e+00
6.2463e-02 3.4006e+01 -1.5014e+00
6.2896e-02 3.3654e+01 -1.5013e+00
6.3333e-02 3.3307e+01 -1.5013e+00
6.3772e-02 3.2963e+01 -1.5013e+00
6.4215e-02 3.2622e+01 -1.5012e+00
6.4660e-02 3.2285e+01 -1.5012e+00
6.5109e-02 3.1952e+01 -1.5012e+00
6.5561e-02 3.1622e+01 -1.5011e+00
6.6016e-02 3.1295e+01 -1.5011e+00
6.6474e-02 3.0972e+01 -1.5010e+00
6.6935e-02 3.0652e+01 -1.5010e+00
6.7400e-02 3.0336e+01 -1.5010e+00
6.7868e-02 3.0022e+01 -1.5009e+00
6.8339e-02 2.9712e+01 -1.5009e+00
6.8813e-02 2.9406e+01 -1.5008e+00
6.9290e-02 2.9102e+01 -1.5008e+00
6.9771e-02 2.8802e+01 -1.5008e+00
7.0255e-02 2.8504e+01 -1.5007e+00
7.0743e-02 2.8210e+01 -1.5007e+00
7.1234e-02 2.7919e+01 -1.5006e+00
7.1728e-02 2.7630e+01 -1.5006e+00
7.2226e-02 2.7345e+01 -1.5006e+00
7.2727e-02 2.7063e+01 -1.5005e+00
7.3232e-02 2.6783e+01 -1.5005e+00
7.3740e-02 2.6507e+01 -1.5004e+00
7.4252e-02 2.6233e+01 -1.5004e+00
7.4767e-02 2.5963e+01 -1.5003e+00
7.5286e-02 2.5695e+01 -1.5003e+00
7.5808e-02 2.5429e+01 -1.5002e+00
7.6335e-02 2.5167e+01 -1.5002e+00
7.6864e-02 2.4907e+01 -1.5001e+00
7.7398e-02 2.4650e+01 -1.5001e+00
7.7935e-02 2.4396e+01 -1.5000e+00
7.8476e-02 2.4144e+01 -1.5000e+00
7.9020e-02 2.3895e+01 -1.4999e+00
7.9569e-02 2.3648e+01 -1.4999e+00
8.0121e-02 2.3404e+01 -1.4998e+00
8.0677e-02 2.3163e+01 -1.4998e+00
8.1237e-02 2.2924e+01 -1.4997e+00
8.1800e-02 2.2687e+01 -1.4997e+00
8.2368e-02 2.2453e+01 -1.4996e+00
8.2940e-02 2.2221e+01 -1.4996e+00
8.3515e-02 2.1992e+01 -1.4995e+00
8.4095e-02 2.1765e+01 -1.4995e+00
8.4678e-02 2.1541e+01 -1.4994e+00
8.5266e-02 2.1319e+01 -1.4993e+00
8.5858e-02 2.1099e+01 -1.4993e+00
8.6454e-02 2.0881e+01 -1.4992e+00
8.7054e-02 2.0666e+01 -1.4992e+00
8.7658e-02 2.0453e+01 -1.4991e+00
8.8266e-02 2.0242e+01 -1.4990e+00
8.8879e-02 2.0033e+01 -1.4990e+00
8.9495e-02 1.9826e+01 -1.4989e+00
9.0116e-02 1.9622e+01 -1.4988e+00
9.0742e-02 1.9419e+01 -1.4988e+00
9.1371e-02 1.9219e+01 -1.4987e+00
9.2006e-02 1.9021e+01 -1.4986e+00
9.2644e-02 1.8825e+01 -1.4985e+00
9.3287e-02 1.8631e+01 -1.4985e+00
9.3934e-02 1.8439e+01 -1.4984e+00
9.4586e-02 1.8249e+01 -1.4983e+00
9.5243e-02 1.8061e+01 -1.4982e+00
9.5904e-02 1.7874e+01 -1.4982e+00
9.6569e-02 1.7690e+01 -1.4981e+00
9.7239e-02 1.7508e+01 -1.4980e+00
9.7914e-02 1.7327e+01 -1.4979e+00
9.8594e-02 1.7149e+01 -1.4978e+00
9.9278e-02 1.6972e+01 -1.4978e+00
9.9967e-02 1.6797e+01 -1.4977e+00
1.0066e-01 1.6624e+01 -1.4976e+00
1.0136e-01 1.6453e+01 -1.4975e+00
1.0206e-01 1.6283e+01 -1.4974e+00
1.0277e-01 1.6116e+01 -1.4973e+00
1.0348e-01 1.5950e+01 -1.4972e+00
1.0420e-01 1.5785e+01 -1.4971e+00
1.0493e-01 1.5623e+01 -1.4970e+00
1.0565e-01 1.5462e+01 -1.4969e+00
1.0639e-01 1.5303e+01 -1.4968e+00
1.0712e-01 1.5145e+01 -1.4967e+00
1.0787e-01 1.4989e+01 -1.4966e+00
1.0862e-01 1.4835e+01 -1.4965e+00
1.0937e-01 1.4682e+01 -1.4964e+00
1.1013e-01 1.4531e+01 -1.4963e+00
1.1089e-01 1.4381e+01 -1.4962e+00
1.1166e-01 1.4233e+01 -1.4960e+00
1.1244e-01 1.4087e+01 -1.4959e+00
1.1322e-01 1.3942e+01 -1.4958e+00
1.1400e-01 1.3798e+01 -1.4957e+00
1.1480e-01 1.3656e+01 -1.4956e+00
1.1559e-01 1.3516e+01 -1.4954e+00
1.1639e-01 1.3377e+01 -1.4953e+00
1.1720e-01 1.3239e+01 -1.4952e+00
1.1802e-01 1.3103e+01 -1.4950e+00
1.1883e-01 1.2968e+01 -1.4949e+00
1.1966e-01 1.2835e+01 -1.4948e+00
1.2049e-01 1.2703e+01 -1.4946e+00
1.2133e-01 1.2572e+01 -1.4945e+00
1.2217e-01 1.2443e+01 -1.4943e+00
1.2302e-01 1.2315e+01 -1.4942e+00
1.2387e-01 1.2188e+01 -1.4940e+00
1.2473e-01 1.2063e+01 -1.4939e+00
1.2559e-01 1.1939e+01 -1.4937e+00
1.2647e-01 1.1817e+01 -1.4935e+00
1.2734e-01 1.1695e+01 -1.4934e+00
1.2823e-01 1.1575e+01 -1.4932e+00
1.2912e-01 1.1456e+01 -1.4930e+00
1.3001e-01 1.1338e+01 -1.4928e+00
1.3091e-01 1.1222e+01 -1.4927e+00
1.3182e-01 1.1107e+01 -1.4925e+00
1.3274e-01 1.0993e+01 -1.4923e+00
1.3366e-01 1.0880e+01 -1.4921e+00
1.3459e-01 1.0768e+01 -1.4919e+00
1.3552e-01 1.0658e+01 -1.4917e+00
1.3646e-01 1.0548e+01 -1.4915e+00
1.3741e-01 1.0440e+01 -1.4913e+00
1.3836e-01 1.0333e+01 -1.4911e+00
1.3932e-01 1.0227e+01 -1.4909e+00
1.4029e-01 1.0122e+01 -1.4907e+00
1.4126e-01 1.0018e+01 -1.4904e+00
1.4224e-01 9.9155e+00 -1.4902e+00
1.4323e-01 9.8138e+00 -1.4900e+00
1.4422e-01 9.7132e+00 -1.4897e+00
1.4522e-01 9.6137e+00 -1.4895e+00
1.4623e-01 9.5152e+00 -1.4893e+00
1.4725e-01 9.4177e+00 -1.4890e+00
1.4827e-01 9.3212e+00 -1.4887e+00
1.4930e-01 9.2257e+00 -1.4885e+00
1.5033e-01 9.1313e+00 -1.4882e+00
1.5138e-01 9.0378e+00 -1.4879e+00
1.5243e-01 8.9453e+00 -1.4877e+00
1.5349e-01 8.8537e+00 -1.4874e+00
1.5455e-01 8.7631e+00 -1.4871e+00
1.5562e-01 8.6735e+00 -1.4868e+00
1.5670e-01 8.5847e+00 -1.4865e+00
1.5779e-01 8.4969e+00 -1.4862e+00
1.5889e-01 8.4101e+00 -1.4859e+00
1.5999e-01 8.3241e+00 -1.4856e+00
1.6110e-01 8.2390e+00 -1.4852e+00
1.6222e-01 8.1548e+00 -1.4849e+00
1.6334e-01 8.0715e+00 -1.4846e+00
1.6448e-01 7.9891e+00 -1.4842e+00
1.6562e-01 7.9075e+00 -1.4839e+00
1.6677e-01 7.8268e+00 -1.4835e+00
1.6792e-01 7.7469e+00 -1.4832e+00
1.6909e-01 7.6679e+00 -1.4828e+00
1.7026e-01 7.5897e+00 -1.4824e+00
1.7144e-01 7.5123e+00 -1.4820e+00
1.7263e-01 7.4357e+00 -1.4816e+00
1.7383e-01 7.3599e+00 -1.4812e+00
1.7504e-01 7.2849e+00 -1.4808e+00
1.7625e-01 7.2107e+00 -1.4804e+00
1.7748e-01 7.1372e+00 -1.4800e+00
1.7871e-01 7.0646e+00 -1.4795e+00
1.7995e-01 6.9927e+00 -1.4791e+00
1.8120e-01 6.9215e+00 -1.4786e+00
1.8245e-01 6.8511e+00 -1.4781e+00
1.8372e-01 6.7814e+00 -1.4777e+00
1.8500e-01 6.7125e+00 -1.4772e+00
1.8628e-01 6.6443e+00 -1.4767e+00
1.8757e-01 6.5768e+00 -1.4762e+00
1.8887e-01 6.5100e+00 -1.4757e+00
1.9018e-01 6.4439e+00 -1.4752e+00
1.9150e-01 6.3785e+00 -1.4746e+00
1.9283e-01 6.3138e+00 -1.4741e+00
1.9417e-01 6.2498e+00 -1.4735e+00
1.9552e-01 6.1864e+00 -1.4730e+00
1.9688e-01 6.1238e+00 -1.4724e+00
1.9824e-01 6.0617e+00 -1.4718e+00
1.9962e-01 6.0004e+00 -1.4712e+00
2.0100e-01 5.9396e+00 -1.4706e+00
2.0240e-01 5.8795e+00 -1.4700e+00
2.0380e-01 5.8201e+00 -1.4693e+00
2.0522e-01 5.7613e+00 -1.4687e+00
2.0664e-01 5.7031e+00 -1.4680e+00
2.0807e-01 5.6455e+00 -1.4673e+00
2.0952e-01 5.5885e+00 -1.4666e+00
2.1097e-01 5.5321e+00 -1.4659e+00
2.1244e-01 5.4763e+00 -1.4652e+00
2.1391e-01 5.4211e+00 -1.4645e+00
2.1540e-01 5.3665e+00 -1.4637e+00
2.1689e-01 5.3125e+00 -1.4630e+00
2.1840e-01 5.2590e+00 -1.4622e+00
2.1991e-01 5.2061e+00 -1.4614e+00
2.2144e-01 5.1538e+00 -1.4606e+00
2.2297e-01 5.1020e+00 -1.4598e+00
2.2452e-01 5.0508e+00 -1.4589e+00
2.2608e-01 5.0001e+00 -1.4581e+00
2.2765e-01 4.9499e+00 -1.4572e+00
2.2923e-01 4.9003e+00 -1.4563e+00
2.3082e-01 4.8512e+00 -1.4554e+00
2.3242e-01 4.8026e+00 -1.4545e+00
2.3403e-01 4.7546e+00 -1.4535e+00
2.3566e-01 4.7071e+00 -1.4526e+00
2.3729e-01 4.6600e+00 -1.4516e+00
2.3894e-01 4.6135e+00 -1.4506e+00
2.4060e-01 4.5675e+00 -1.4496e+00
2.4227e-01 4.5219e+00 -1.4485e+00
2.4395e-01 4.4769e+00 -1.4475e+00
2.4564e-01 4.4323e+00 -1.4464e+00
2.4735e-01 4.3882e+00 -1.4453e+00
2.4906e-01 4.3446e+00 -1.4442e+00
2.5079e-01 4.3014e+00 -1.4430e+00
2.5253e-01 4.2587e+00 -1.4418e+00
2.5428e-01 4.2165e+00 -1.4407e+00
2.5605e-01 4.1747e+00 -1.4394e+00
2.5783e-01 4.1334e+00 -1.4382e+00
2.5961e-01 4.0925e+00 -1.4369e+00
2.6142e-01 4.0520e+00 -1.4357e+00
2.6323e-01 4.0120e+00 -1.4344e+00
2.6506e-01 3.9724e+00 -1.4330e+00
2.6690e-01 3.9333e+00 -1.4317e+00
2.6875e-01 3.8945e+00 -1.4303e+00
2.7061e-01 3.8562e+00 -1.4289e+00
2.7249e-01 3.8183e+00 -1.4274e+00
2.7438e-01 3.7808e+00 -1.4260e+00
2.7629e-01 3.7438e+00 -1.4245e+00
2.7820e-01 3.7071e+00 -1.4229e+00
2.8014e-01 3.6708e+00 -1.4214e+00
2.8208e-01 3.6349e+00 -1.4198e+00
2.8404e-01 3.5994e+00 -1.4182e+00
2.8601e-01 3.5643e+00 -1.4166e+00
2.8799e-01 3.5296e+00 -1.4149e+00
2.8999e-01 3.4952e+00 -1.4132e+00
2.9200e-01 3.4613e+00 -1.4115e+00
2.9403e-01 3.4276e+00 -1.4097e+00
2.9607e-01 3.3944e+00 -1.4079e+00
2.9813e-01 3.3615e+00 -1.4061e+00
3.0019e-01 3.3290e+00 -1.4042e+00
3.0228e-01 3.2969e+00 -1.4023e+00
3.0437e-01 3.2651e+00 -1.4004e+00
3.0649e-01 3.2336e+00 -1.3984e+00
3.0861e-01 3.2025e+00 -1.3964e+00
3.1076e-01 3.1718e+00 -1.3944e+00
3.1291e-01 3.1414e+00 -1.3923e+00
3.1508e-01 3.1113e+00 -1.3902e+00
3.1727e-01 3.0816e+00 -1.3880e+00
3.1947e-01 3.0521e+00 -1.3858e+00
3.2169e-01 3.0230e+00 -1.3836e+00
3.2392e-01 2.9943e+00 -1.3813e+00
3.2617e-01 2.9658e+00 -1.3790e+00
3.2843e-01 2.9377e+00 -1.3767e+00
3.3071e-01 2.9099e+00 -1.3743e+00
3.3301e-01 2.8824e+00 -1.3718e+00
3.3532e-01 2.8552e+00 -1.3694e+00
3.3764e-01 2.8283e+00 -1.3668e+00
3.3999e-01 2.8017e+00 -1.3643e+00
3.4235e-01 2.7755e+00 -1.3617e+00
3.4472e-01 2.7495e+00 -1.3590e+00
3.4712e-01 2.7238e+00 -1.3563e+00
3.4952e-01 2.6984e+00 -1.3536e+00
3.5195e-01 2.6733e+00 -1.3508e+00
3.5439e-01 2.6484e+00 -1.3480e+00
3.5685e-01 2.6239e+00 -1.3451e+00
3.5933e-01 2.5996e+00 -1.3421e+00
3.6182e-01 2.5756e+00 -1.3392e+00
3.6433e-01 2.5519e+00 -1.3361e+00
3.6686e-01 2.5285e+00 -1.3330e+00
3.6941e-01 2.5053e+00 -1.3299e+00
3.7197e-01 2.4824e+00 -1.3267e+00
3.7455e-01 2.4597e+00 -1.3235e+00
3.7715e-01 2.4373e+00 -1.3202e+00
3.7977e-01 2.4152e+00 -1.3169e+00
3.8240e-01 2.3933e+00 -1.3135e+00
3.8506e-01 2.3717e+00 -1.3100e+00
3.8773e-01 2.3504e+00 -1.3066e+00
3.9042e-01 2.3293e+00 -1.3030e+00
3.9313e-01 2.3084e+00 -1.2994e+00
3.9586e-01 2.2878e+00 -1.2957e+00
3.9861e-01 2.2674e+00 -1.2920e+00
4.0137e-01 2.2473e+00 -1.2882e+00
4.0416e-01 2.2273e+00 -1.2844e+00
4.0696e-01 2.2077e+00 -1.2805e+00
4.0979e-01 2.1882e+00 -1.2766e+00
4.1263e-01 2.1690e+00 -1.2726e+00
4.1549e-01 2.1501e+00 -1.2685e+00
4.1838e-01 2.1313e+00 -1.2644e+00
4.2128e-01 2.1128e+00 -1.2602e+00
4.2420e-01 2.0945e+00 -1.2559e+00
4.2715e-01 2.0764e+00 -1.2516e+00
4.3011e-01 2.0585e+00 -1.2473e+00
4.3310e-01 2.0409e+00 -1.2428e+00
4.3610e-01 2.0235e+00 -1.2383e+00
4.3913e-01 2.0062e+00 -1.2338e+00
4.4218e-01 1.9892e+00 -1.2292e+00
4.4524e-01 1.9724e+00 -1.2245e+00
4.4833e-01 1.9558e+00 -1.2198e+00
4.5144e-01 1.9394e+00 -1.2150e+00
4.5458e-01 1.9232e+00 -1.2101e+00
4.5773e-01 1.9072e+00 -1.2052e+00
4.6091e-01 1.8914e+00 -1.2002e+00
4.6411e-01 1.8758e+00 -1.1952e+00
4.6733e-01 1.8604e+00 -1.1901e+00
4.7057e-01 1.8452e+00 -1.1849e+00
4.7384e-01 1.8302e+00 -1.1796e+00
4.7713e-01 1.8153e+00 -1.1743e+00
4.8044e-01 1.8007e+00 -1.1690e+00
4.8377e-01 1.7862e+00 -1.1636e+00
4.8713e-01 1.7719e+00 -1.1581e+00
4.9051e-01 1.7578e+00 -1.1525e+00
4.9391e-01 1.7439e+00 -1.1469e+00
4.9734e-01 1.7302e+00 -1.1412e+00
5.0079e-01 1.7166e+00 -1.1355e+00
5.0427e-01 1.7032e+00 -1.1297e+00
5.0777e-01 1.6900e+00 -1.1238e+00
5.1129e-01 1.6770e+00 -1.1179e+00
5.1484e-01 1.6641e+00 -1.1119e+00
5.1841e-01 1.6514e+00 -1.1059e+00
5.2201e-01 1.6388e+00 -1.0997e+00
5.2563e-01 1.6264e+00 -1.0936e+00
5.2928e-01 1.6142e+00 -1.0874e+00
5.3295e-01 1.6022e+00 -1.0811e+00
5.3665e-01 1.5903e+00 -1.0747e+00
5.4037e-01 1.5785e+00 -1.0683e+00
5.4412e-01 1.5669e+00 -1.0619e+00
5.4790e-01 1.5555e+00 -1.0554e+00
5.5170e-01 1.5442e+00 -1.0488e+00
5.5553e-01 1.5331e+00 -1.0422e+00
5.5939e-01 1.5221e+00 -1.0355e+00
5.6327e-01 1.5113e+00 -1.0287e+00
5.6718e-01 1.5006e+00 -1.0220e+00
5.7111e-01 1.4901e+00 -1.0151e+00
5.7508e-01 1.4797e+00 -1.0082e+00
5.7907e-01 1.4695e+00 -1.0013e+00
5.8309e-01 1.4593e+00 -9.9432e-01
5.8713e-01 1.4494e+00 -9.8728e-01
5.9121e-01 1.4396e+00 -9.8020e-01
5.9531e-01 1.4299e+00 -9.7308e-01
5.9944e-01 1.4203e+00 -9.6591e-01
6.0360e-01 1.4109e+00 -9.5870e-01
6.0779e-01 1.4016e+00 -9.5144e-01
6.1201e-01 1.3924e+00 -9.4415e-01
6.1625e-01 1.3834e+00 -9.3681e-01
6.2053e-01 1.3745e+00 -9.2944e-01
6.2484e-01 1.3657e+00 -9.2203e-01
6.2917e-01 1.3571e+00 -9.1458e-01
6.3354e-01 1.3486e+00 -9.0711e-01
6.3794e-01 1.3402e+00 -8.9959e-01
6.4236e-01 1.3319e+00 -8.9205e-01
6.4682e-01 1.3237e+00 -8.8448e-01
6.5131e-01 1.3157e+00 -8.7688e-01
6.5583e-01 1.3078e+00 -8.6925e-01
6.6038e-01 1.3000e+00 -8.6160e-01
6.6496e-01 1.2923e+00 -8.5392e-01
6.6958e-01 1.2847e+00 -8.4622e-01
6.7422e-01 1.2773e+00 -8.3850e-01
6.7890e-01 1.2699e+00 -8.3076e-01
6.8361e-01 1.2627e+00 -8.2301e-01
6.8836e-01 1.2555e+00 -8.1524e-01
6.9313e-01 1.2485e+00 -8.0745e-01
6.9795e-01 1.2416e+00 -7.9966e-01
7.0279e-01 1.2348e+00 -7.9185e-01
7.0767e-01 1.2281e+00 -7.8403e-01
7.1258e-01 1.2215e+00 -7.7621e-01
7.1752e-01 1.2150e+00 -7.6838e-01
7.2250e-01 1.2085e+00 -7.6055e-01
7.2751e-01 1.2022e+00 -7.5272e-01
7.3256e-01 1.1960e+00 -7.4488e-01
7.3765e-01 1.1899e+00 -7.3705e-01
7.4277e-01 1.1839e+00 -7.2922e-01
7.4792e-01 1.1780e+00 -7.2139e-01
7.5311e-01 1.1721e+00 -7.1358e-01
7.5834e-01 1.1664e+00 -7.0577e-01
7.6360e-01 1.1608e+00 -6.9797e-01
7.6890e-01 1.1552e+00 -6.9018e-01
7.7424e-01 1.1497e+00 -6.8240e-01
7.7961e-01 1.1443e+00 -6.7464e-01
7.8502e-01 1.1391e+00 -6.6690e-01
7.9047e-01 1.1338e+00 -6.5917e-01
7.9595e-01 1.1287e+00 -6.5147e-01
8.0148e-01 1.1237e+00 -6.4378e-01
8.0704e-01 1.1187e+00 -6.3612e-01
8.1264e-01 1.1138e+00 -6.2849e-01
8.1828e-01 1.1090e+00 -6.2088e-01
8.2396e-01 1.1043e+00 -6.1329e-01
8.2967e-01 1.0997e+00 -6.0574e-01
8.3543e-01 1.0951e+00 -5.9822e-01
8.4123e-01 1.0906e+00 -5.9073e-01
8.4707e-01 1.0862e+00 -5.8327e-01
8.5294e-01 1.0818e+00 -5.7585e-01
8.5886e-01 1.0776e+00 -5.6846e-01
8.6482e-01 1.0734e+00 -5.6111e-01
8.7083e-01 1.0692e+00 -5.5380e-01
8.7687e-01 1.0652e+00 -5.4653e-01
8.8295e-01 1.0612e+00 -5.3931e-01
8.8908e-01 1.0573e+00 -5.3212e-01
8.9525e-01 1.0534e+00 -5.2498e-01
9.0146e-01 1.0496e+00 -5.1788e-01
9.0772e-01 1.0459e+00 -5.1083e-01
9.1402e-01 1.0422e+00 -5.0383e-01
9.2036e-01 1.0386e+00 -4.9688e-01
9.2675e-01 1.0351e+00 -4.8997e-01
9.3318e-01 1.0316e+00 -4.8311e-01
9.3966e-01 1.0282e+00 -4.7631e-01
9.4618e-01 1.0248e+00 -4.6956e-01
9.5274e-01 1.0215e+00 -4.6286e-01
9.5936e-01 1.0183e+00 -4.5621e-01
9.6601e-01 1.0151e+00 -4.4962e-01
9.7272e-01 1.0120e+00 -4.4308e-01
9.7947e-01 1.0089e+00 -4.3660e-01
9.8626e-01 1.0059e+00 -4.3018e-01
9.9311e-01 1.0029e+00 -4.2381e-01
1.0000e+00 1.0000e+00 -4.1750e-01
