9.9900e-04 4.5480e-01 6.5001e-04
1.0059e-03 4.5571e-01 6.4986e-04
1.0129e-03 4.5662e-01 6.4971e-04
1.0199e-03 4.5752e-01 6.4955e-04
1.0270e-03 4.5842e-01 6.4939e-04
1.0341e-03 4.5932e-01 6.4922e-04
1.0413e-03 4.6021e-01 6.4904e-04
1.0486e-03 4.6110e-01 6.4886e-04
1.0558e-03 4.6199e-01 6.4868e-04
1.0632e-03 4.6288e-01 6.4849e-04
1.0705e-03 4.6376e-01 6.4829e-04
1.0780e-03 4.6464e-01 6.4810e-04
1.0854e-03 4.6552e-01 6.4789e-04
1.0930e-03 4.6640e-01 6.4768e-04
1.1006e-03 4.6727e-01 6.4747e-04
1.1082e-03 4.6814e-01 6.4725e-04
1.1159e-03 4.6901e-01 6.4703e-04
1.1236e-03 4.6987e-01 6.4680e-04
1.1314e-03 4.7073e-01 6.4657e-04
1.1393e-03 4.7159e-01 6.4633e-04
1.1472e-03 4.7245e-01 6.4609e-04
1.1551e-03 4.7330e-01 6.4584e-04
1.1632e-03 4.7415e-01 6.4559e-04
1.1712e-03 4.7500e-01 6.4534e-04
1.1794e-03 4.7584e-01 6.4508e-04
1.1875e-03 4.7668e-01 6.4481e-04
1.1958e-03 4.7752e-01 6.4455e-04
1.2041e-03 4.7835e-01 6.4427e-04
1.2124e-03 4.7919e-01 6.4400e-04
1.2209e-03 4.8002e-01 6.4372e-04
1.2293e-03 4.8084e-01 6.4343e-04
1.2379e-03 4.8167e-01 6.4314e-04
1.2465e-03 4.8249e-01 6.4285e-04
1.2551e-03 4.8331e-01 6.4255e-04
1.2638e-03 4.8412e-01 6.4225e-04
1.2726e-03 4.8493e-01 6.4194e-04
1.2814e-03 4.8574e-01 6.4163e-04
1.2903e-03 4.8655e-01 6.4132e-04
1.2993e-03 4.8735e-01 6.4100e-04
1.3083e-03 4.8815e-01 6.4068e-04
1.3174e-03 4.8895e-01 6.4036e-04
1.3265e-03 4.8975e-01 6.4003e-04
1.3357e-03 4.9054e-01 6.3969e-04
1.3450e-03 4.9133e-01 6.3936e-04
1.3543e-03 4.9211e-01 6.3902e-04
1.3637e-03 4.9290e-01 6.3867e-04
1.3732e-03 4.9368e-01 6.3833e-04
1.3827e-03 4.9445e-01 6.3797e-04
1.3923e-03 4.9523e-01 6.3762e-04
1.4020e-03 4.9600e-01 6.3726e-04
1.4117e-03 4.9677e-01 6.3690e-04
1.4215e-03 4.9753e-01 6.3653e-04
1.4313e-03 4.9829e-01 6.3617e-04
1.4413e-03 4.9905e-01 6.3579e-04
1.4513e-03 4.9981e-01 6.3542e-04
1.4614e-03 5.0056e-01 6.3504e-04
1.4715e-03 5.0131e-01 6.3466e-04
1.4817e-03 5.0206e-01 6.3427e-04
1.4920e-03 5.0280e-01 6.3388e-04
1.5023e-03 5.0355e-01 6.3349e-04
1.5128e-03 5.0428e-01 6.3310e-04
1.5233e-03 5.0502e-01 6.3270e-04
1.5338e-03 5.0575e-01 6.3230e-04
1.5445e-03 5.0648e-01 6.3190e-04
1.5552e-03 5.0721e-01 6.3149e-04
1.5660e-03 5.0793e-01 6.3108e-04
1.5769e-03 5.0865e-01 6.3067e-04
1.5878e-03 5.0937e-01 6.3025e-04
1.5988e-03 5.1009e-01 6.2983e-04
1.6099e-03 5.1080e-01 6.2941e-04
1.6211e-03 5.1151e-01 6.2899e-04
1.6323e-03 5.1221e-01 6.2856e-04
1.6437e-03 5.1292e-01 6.2813e-04
1.6551e-03 5.1362e-01 6.2770e-04
1.6666e-03 5.1431e-01 6.2726e-04
1.6781e-03 5.1501e-01 6.2683e-04
1.6898e-03 5.1570e-01 6.2639e-04
1.7015e-03 5.1639e-01 6.2595e-04
1.7133e-03 5.1707e-01 6.2550e-04
1.7252e-03 5.1775e-01 6.2505e-04
1.7372e-03 5.1843e-01 6.2460e-04
1.7492e-03 5.1911e-01 6.2415e-04
1.7614e-03 5.1978e-01 6.2370e-04
1.7736e-03 5.2045e-01 6.2324e-04
1.7859e-03 5.2112e-01 6.2278e-04
1.7983e-03 5.2179e-01 6.2232e-04
1.8108e-03 5.2245e-01 6.2186e-04
1.8233e-03 5.2311e-01 6.2139e-04
1.8360e-03 5.2376e-01 6.2092e-04
1.8487e-03 5.2442e-01 6.2045e-04
1.8616e-03 5.2507e-01 6.1998e-04
1.8745e-03 5.2571e-01 6.1951e-04
1.8875e-03 5.2636e-01 6.1903e-04
1.9006e-03 5.2700e-01 6.1855e-04
1.9138e-03 5.2764e-01 6.1807e-04
1.9270e-03 5.2827e-01 6.1759e-04
1.9404e-03 5.2891e-01 6.1711e-04
1.9539e-03 5.2954e-01 6.1662e-04
1.9674e-03 5.3016e-01 6.1614e-04
1.9811e-03 5.3079e-01 6.1565e-04
1.9948e-03 5.3141e-01 6.1516e-04
2.0087e-03 5.3203e-01 6.1467e-04
2.0226e-03 5.3264e-01 6.1417e-04
2.0367e-03 5.3326e-01 6.1368e-04
2.0508e-03 5.3387e-01 6.1318e-04
2.0650e-03 5.3448e-01 6.1268e-04
2.0794e-03 5.3508e-01 6.1218e-04
2.0938e-03 5.3568e-01 6.1168e-04
2.1083e-03 5.3628e-01 6.1117e-04
2.1230e-03 5.3688e-01 6.1067e-04
2.1377e-03 5.3747e-01 6.1016e-04
2.1525e-03 5.3806e-01 6.0966e-04
2.1675e-03 5.3865e-01 6.0915e-04
2.1825e-03 5.3923e-01 6.0864e-04
2.1976e-03 5.3981e-01 6.0813e-04
2.2129e-03 5.4039e-01 6.0761e-04
2.2283e-03 5.4097e-01 6.0710e-04
2.2437e-03 5.4154e-01 6.0658e-04
2.2593e-03 5.4211e-01 6.0607e-04
2.2750e-03 5.4268e-01 6.0555e-04
2.2908e-03 5.4325e-01 6.0503e-04
2.3067e-03 5.4381e-01 6.0451e-04
2.3227e-03 5.4437e-01 6.0399e-04
2.3388e-03 5.4493e-01 6.0347e-04
2.3550e-03 5.4548e-01 6.0295e-04
2.3713e-03 5.4603e-01 6.0242e-04
2.3878e-03 5.4658e-01 6.0190e-04
2.4044e-03 5.4713e-01 6.0137e-04
2.4211e-03 5.4767e-01 6.0085e-04
2.4379e-03 5.4821e-01 6.0032e-04
2.4548e-03 5.4875e-01 5.9979e-04
2.4718e-03 5.4929e-01 5.9927e-04
2.4890e-03 5.4982e-01 5.9874e-04
2.5062e-03 5.5035e-01 5.9821e-04
2.5236e-03 5.5088e-01 5.9768e-04
2.5411e-03 5.5140e-01 5.9715e-04
2.5588e-03 5.5193e-01 5.9661e-04
2.5765e-03 5.5245e-01 5.9608e-04
2.5944e-03 5.5296e-01 5.9555e-04
2.6124e-03 5.5348e-01 5.9501e-04
2.6306e-03 5.5399e-01 5.9448e-04
2.6488e-03 5.5450e-01 5.9395e-04
2.6672e-03 5.5501e-01 5.9341e-04
2.6857e-03 5.5551e-01 5.9288e-04
2.7043e-03 5.5601e-01 5.9234e-04
2.7231e-03 5.5651e-01 5.9180e-04
2.7420e-03 5.5701e-01 5.9127e-04
2.7610e-03 5.5750e-01 5.9073e-04
2.7802e-03 5.5799e-01 5.9019e-04
2.7995e-03 5.5848e-01 5.8966e-04
2.8189e-03 5.5897e-01 5.8912e-04
2.8385e-03 5.5945e-01 5.8858e-04
2.8582e-03 5.5993e-01 5.8804e-04
2.8780e-03 5.6041e-01 5.8751e-04
2.8980e-03 5.6089e-01 5.8697e-04
2.9181e-03 5.6136e-01 5.8643e-04
2.9383e-03 5.6183e-01 5.8589e-04
2.9587e-03 5.6230e-01 5.8535e-04
2.9793e-03 5.6277e-01 5.8481e-04
2.9999e-03 5.6323e-01 5.8427e-04
3.0208e-03 5.6370e-01 5.8374e-04
3.0417e-03 5.6415e-01 5.8320e-04
3.0628e-03 5.6461e-01 5.8266e-04
3.0841e-03 5.6507e-01 5.8212e-04
3.1055e-03 5.6552e-01 5.8158e-04
3.1270e-03 5.6597e-01 5.8105e-04
3.1487e-03 5.6641e-01 5.8051e-04
3.1706e-03 5.6686e-01 5.7997e-04
3.1926e-03 5.6730e-01 5.7943e-04
3.2147e-03 5.6774e-01 5.7890e-04
3.2371e-03 5.6818e-01 5.7836e-04
3.2595e-03 5.6861e-01 5.7782e-04
3.2821e-03 5.6905e-01 5.7729e-04
3.3049e-03 5.6948e-01 5.7675e-04
3.3279e-03 5.6991e-01 5.7621e-04
3.3509e-03 5.7033e-01 5.7568e-04
3.3742e-03 5.7076e-01 5.7514e-04
3.3976e-03 5.7118e-01 5.7461e-04
3.4212e-03 5.7160e-01 5.7407e-04
3.4449e-03 5.7201e-01 5.7354e-04
3.4688e-03 5.7243e-01 5.7301e-04
3.4929e-03 5.7284e-01 5.7248e-04
3.5172e-03 5.7325e-01 5.7194e-04
3.5416e-03 5.7366e-01 5.7141e-04
3.5661e-03 5.7406e-01 5.7088e-04
3.5909e-03 5.7447e-01 5.7035e-04
3.6158e-03 5.7487e-01 5.6982e-04
3.6409e-03 5.7527e-01 5.6929e-04
3.6662e-03 5.7566e-01 5.6876e-04
3.6916e-03 5.7606e-01 5.6823e-04
3.7172e-03 5.7645e-01 5.6771e-04
3.7430e-03 5.7684e-01 5.6718e-04
3.7690e-03 5.7723e-01 5.6665e-04
3.7952e-03 5.7761e-01 5.6613e-04
3.8215e-03 5.7800e-01 5.6561e-04
3.8480e-03 5.7838e-01 5.6508e-04
3.8747e-03 5.7876e-01 5.6456e-04
3.9016e-03 5.7914e-01 5.6404e-04
3.9287e-03 5.7951e-01 5.6352e-04
3.9559e-03 5.7988e-01 5.6300e-04
3.9834e-03 5.8026e-01 5.6248e-04
4.0110e-03 5.8062e-01 5.6196e-04
4.0389e-03 5.8099e-01 5.6144e-04
4.0669e-03 5.8136e-01 5.6092e-04
4.0951e-03 5.8172e-01 5.6041e-04
4.1235e-03 5.8208e-01 5.5989e-04
4.1522e-03 5.8244e-01 5.5938e-04
4.1810e-03 5.8279e-01 5.5887e-04
4.2100e-03 5.8315e-01 5.5836e-04
4.2392e-03 5.8350e-01 5.5784e-04
4.2686e-03 5.8385e-01 5.5734e-04
4.2982e-03 5.8420e-01 5.5683e-04
4.3281e-03 5.8455e-01 5.5632e-04
4.3581e-03 5.8489e-01 5.5581e-04
4.3884e-03 5.8523e-01 5.5531e-04
4.4188e-03 5.8557e-01 5.5480e-04
4.4495e-03 5.8591e-01 5.5430e-04
4.4803e-03 5.8625e-01 5.5380e-04
4.5114e-03 5.8658e-01 5.5330e-04
4.5427e-03 5.8692e-01 5.5280e-04
4.5743e-03 5.8725e-01 5.5230e-04
4.6060e-03 5.8758e-01 5.5180e-04
4.6380e-03 5.8791e-01 5.5131e-04
4.6702e-03 5.8823e-01 5.5081e-04
4.7026e-03 5.8855e-01 5.5032e-04
4.7352e-03 5.8888e-01 5.4983e-04
4.7681e-03 5.8919e-01 5.4934e-04
4.8012e-03 5.8951e-01 5.4885e-04
4.8345e-03 5.8983e-01 5.4836e-04
4.8680e-03 5.9014e-01 5.4787e-04
4.9018e-03 5.9046e-01 5.4739e-04
4.9358e-03 5.9077e-01 5.4690e-04
4.9701e-03 5.9107e-01 5.4642e-04
5.0046e-03 5.9138e-01 5.4594e-04
5.0393e-03 5.9169e-01 5.4546e-04
5.0743e-03 5.9199e-01 5.4498e-04
5.1095e-03 5.9229e-01 5.4450e-04
5.1449e-03 5.9259e-01 5.4402e-04
5.1806e-03 5.9289e-01 5.4355e-04
5.2166e-03 5.9319e-01 5.4308e-04
5.2528e-03 5.9348e-01 5.4261e-04
5.2893e-03 5.9377e-01 5.4214e-04
5.3260e-03 5.9406e-01 5.4167e-04
5.3629e-03 5.9435e-01 5.4120e-04
5.4001e-03 5.9464e-01 5.4074e-04
5.4376e-03 5.9493e-01 5.4027e-04
5.4753e-03 5.9521e-01 5.3981e-04
5.5133e-03 5.9549e-01 5.3935e-04
5.5516e-03 5.9577e-01 5.3889e-04
5.5901e-03 5.9605e-01 5.3843e-04
5.6289e-03 5.9633e-01 5.3797e-04
5.6680e-03 5.9661e-01 5.3752e-04
5.7073e-03 5.9688e-01 5.3707e-04
5.7469e-03 5.9715e-01 5.3662e-04
5.7868e-03 5.9742e-01 5.3617e-04
5.8270e-03 5.9769e-01 5.3572e-04
5.8674e-03 5.9796e-01 5.3527e-04
5.9081e-03 5.9823e-01 5.3483e-04
5.9491e-03 5.9849e-01 5.3438e-04
5.9904e-03 5.9876e-01 5.3394e-04
6.0320e-03 5.9902e-01 5.3350e-04
6.0738e-03 5.9928e-01 5.3306e-04
6.1160e-03 5.9954e-01 5.3263e-04
6.1584e-03 5.9979e-01 5.3219e-04
6.2012e-03 6.0005e-01 5.3176e-04
6.2442e-03 6.0030e-01 5.3133e-04
6.2875e-03 6.0055e-01 5.3090e-04
6.3312e-03 6.0080e-01 5.3047e-04
6.3751e-03 6.0105e-01 5.3004e-04
6.4193e-03 6.0130e-01 5.2962e-04
6.4639e-03 6.0155e-01 5.2919e-04
6.5087e-03 6.0179e-01 5.2877e-04
6.5539e-03 6.0203e-01 5.2835e-04
6.5994e-03 6.0228e-01 5.2794e-04
6.6452e-03 6.0252e-01 5.2752e-04
6.6913e-03 6.0275e-01 5.2711e-04
6.7377e-03 6.0299e-01 5.2669e-04
6.7845e-03 6.0323e-01 5.2628e-04
6.8316e-03 6.0346e-01 5.2587e-04
6.8790e-03 6.0370e-01 5.2547e-04
6.9267e-03 6.0393e-01 5.2506e-04
6.9748e-03 6.0416e-01 5.2466e-04
7.0232e-03 6.0439e-01 5.2426e-04
7.0719e-03 6.0461e-01 5.2386e-04
7.1210e-03 6.0484e-01 5.2346e-04
7.1704e-03 6.0506e-01 5.2306e-04
7.2202e-03 6.0529e-01 5.2267e-04
7.2703e-03 6.0551e-01 5.2228e-04
7.3208e-03 6.0573e-01 5.2189e-04
7.3716e-03 6.0595e-01 5.2150e-04
7.4227e-03 6.0617e-01 5.2111e-04
7.4742e-03 6.0638e-01 5.2073e-04
7.5261e-03 6.0660e-01 5.2034e-04
7.5783e-03 6.0681e-01 5.1996e-04
7.6309e-03 6.0703e-01 5.1958e-04
7.6839e-03 6.0724e-01 5.1920e-04
7.7372e-03 6.0745e-01 5.1883e-04
7.7909e-03 6.0766e-01 5.1845e-04
7.8450e-03 6.0786e-01 5.1808e-04
7.8994e-03 6.0807e-01 5.1771e-04
7.9542e-03 6.0827e-01 5.1734e-04
8.0094e-03 6.0848e-01 5.1698e-04
8.0650e-03 6.0868e-01 5.1661e-04
8.1210e-03 6.0888e-01 5.1625e-04
8.1773e-03 6.0908e-01 5.1589e-04
8.2341e-03 6.0928e-01 5.1553e-04
8.2912e-03 6.0948e-01 5.1518e-04
8.3487e-03 6.0967e-01 5.1482e-04
8.4067e-03 6.0987e-01 5.1447e-04
8.4650e-03 6.1006e-01 5.1412e-04
8.5238e-03 6.1025e-01 5.1377e-04
8.5829e-03 6.1045e-01 5.1342e-04
8.6425e-03 6.1064e-01 5.1308e-04
8.7025e-03 6.1082e-01 5.1273e-04
8.7628e-03 6.1101e-01 5.1239e-04
8.8237e-03 6.1120e-01 5.1205e-04
8.8849e-03 6.1138e-01 5.1172e-04
8.9466e-03 6.1157e-01 5.1138e-04
9.0086e-03 6.1175e-01 5.1105e-04
9.0712e-03 6.1193e-01 5.1072e-04
9.1341e-03 6.1212e-01 5.1039e-04
9.1975e-03 6.1230e-01 5.1006e-04
9.2613e-03 6.1247e-01 5.0973e-04
9.3256e-03 6.1265e-01 5.0941e-04
9.3903e-03 6.1283e-01 5.0909e-04
9.4555e-03 6.1300e-01 5.0877e-04
9.5211e-03 6.1318e-01 5.0845e-04
9.5872e-03 6.1335e-01 5.0813e-04
9.6537e-03 6.1352e-01 5.0782e-04
9.7207e-03 6.1369e-01 5.0751e-04
9.7881e-03 6.1386e-01 5.0720e-04
9.8561e-03 6.1403e-01 5.0689e-04
9.9245e-03 6.1420e-01 5.0658e-04
9.9933e-03 6.1437e-01 5.0628e-04
1.0063e-02 6.1453e-01 5.0597e-04
1.0133e-02 6.1470e-01 5.0567e-04
1.0203e-02 6.1486e-01 5.0537e-04
1.0274e-02 6.1503e-01 5.0508e-04
1.0345e-02 6.1519e-01 5.0478e-04
1.0417e-02 6.1535e-01 5.0449e-04
1.0489e-02 6.1551e-01 5.0420e-04
1.0562e-02 6.1567e-01 5.0391e-04
1.0635e-02 6.1582e-01 5.0362e-04
1.0709e-02 6.1598e-01 5.0334e-04
1.0783e-02 6.1614e-01 5.0306e-04
1.0858e-02 6.1629e-01 5.0277e-04
1.0933e-02 6.1645e-01 5.0250e-04
1.1009e-02 6.1660e-01 5.0222e-04
1.1086e-02 6.1675e-01 5.0194e-04
1.1163e-02 6.1690e-01 5.0167e-04
1.1240e-02 6.1705e-01 5.0140e-04
1.1318e-02 6.1720e-01 5.0113e-04
1.1397e-02 6.1735e-01 5.0086e-04
1.1476e-02 6.1750e-01 5.0059e-04
1.1555e-02 6.1764e-01 5.0033e-04
1.1636e-02 6.1779e-01 5.0007e-04
1.1716e-02 6.1793e-01 4.9981e-04
1.1798e-02 6.1808e-01 4.9955e-04
1.1879e-02 6.1822e-01 4.9930e-04
1.1962e-02 6.1836e-01 4.9904e-04
1.2045e-02 6.1850e-01 4.9879e-04
1.2128e-02 6.1864e-01 4.9854e-04
1.2213e-02 6.1878e-01 4.9829e-04
1.2297e-02 6.1892e-01 4.9804e-04
1.2383e-02 6.1906e-01 4.9780e-04
1.2469e-02 6.1919e-01 4.9756e-04
1.2555e-02 6.1933e-01 4.9732e-04
1.2642e-02 6.1946e-01 4.9708e-04
1.2730e-02 6.1960e-01 4.9684e-04
1.2818e-02 6.1973e-01 4.9661e-04
1.2907e-02 6.1986e-01 4.9637e-04
1.2997e-02 6.1999e-01 4.9614e-04
1.3087e-02 6.2013e-01 4.9591e-04
1.3178e-02 6.2026e-01 4.9569e-04
1.3269e-02 6.2038e-01 4.9546e-04
1.3361e-02 6.2051e-01 4.9524e-04
1.3454e-02 6.2064e-01 4.9501e-04
1.3548e-02 6.2077e-01 4.9480e-04
1.3642e-02 6.2089e-01 4.9458e-04
1.3736e-02 6.2102e-01 4.9436e-04
1.3832e-02 6.2114e-01 4.9415e-04
1.3928e-02 6.2127e-01 4.9394e-04
1.4024e-02 6.2139e-01 4.9373e-04
1.4122e-02 6.2151e-01 4.9352e-04
1.4220e-02 6.2163e-01 4.9331e-04
1.4318e-02 6.2175e-01 4.9311e-04
1.4418e-02 6.2187e-01 4.9290e-04
1.4518e-02 6.2199e-01 4.9270e-04
1.4618e-02 6.2211e-01 4.9250e-04
1.4720e-02 6.2223e-01 4.9231e-04
1.4822e-02 6.2234e-01 4.9211e-04
1.4925e-02 6.2246e-01 4.9192e-04
1.5028e-02 6.2258e-01 4.9173e-04
1.5133e-02 6.2269e-01 4.9154e-04
1.5238e-02 6.2280e-01 4.9135e-04
1.5343e-02 6.2292e-01 4.9116e-04
1.5450e-02 6.2303e-01 4.9098e-04
1.5557e-02 6.2314e-01 4.9080e-04
1.5665e-02 6.2325e-01 4.9062e-04
1.5774e-02 6.2336e-01 4.9044e-04
1.5883e-02 6.2347e-01 4.9027e-04
1.5994e-02 6.2358e-01 4.9009e-04
1.6105e-02 6.2369e-01 4.8992e-04
1.6216e-02 6.2380e-01 4.8975e-04
1.6329e-02 6.2391e-01 4.8958e-04
1.6442e-02 6.2401e-01 4.8941e-04
1.6556e-02 6.2412e-01 4.8925e-04
1.6671e-02 6.2422e-01 4.8909e-04
1.6787e-02 6.2433e-01 4.8892e-04
1.6903e-02 6.2443e-01 4.8876e-04
1.7021e-02 6.2454e-01 4.8861e-04
1.7139e-02 6.2464e-01 4.8845e-04
1.7258e-02 6.2474e-01 4.8830e-04
1.7377e-02 6.2484e-01 4.8815e-04
1.7498e-02 6.2494e-01 4.8800e-04
1.7619e-02 6.2504e-01 4.8785e-04
1.7742e-02 6.2514e-01 4.8770e-04
1.7865e-02 6.2524e-01 4.8756e-04
1.7989e-02 6.2534e-01 4.8742e-04
1.8114e-02 6.2544e-01 4.8728e-04
1.8239e-02 6.2554e-01 4.8714e-04
1.8366e-02 6.2563e-01 4.8700e-04
1.8493e-02 6.2573e-01 4.8687e-04
1.8622e-02 6.2582e-01 4.8674e-04
1.8751e-02 6.2592e-01 4.8661e-04
1.8881e-02 6.2601e-01 4.8648e-04
1.9012e-02 6.2611e-01 4.8635e-04
1.9144e-02 6.2620e-01 4.8623e-04
1.9277e-02 6.2629e-01 4.8611e-04
1.9411e-02 6.2638e-01 4.8598e-04
1.9545e-02 6.2648e-01 4.8587e-04
1.9681e-02 6.2657e-01 4.8575e-04
1.9818e-02 6.2666e-01 4.8563e-04
1.9955e-02 6.2675e-01 4.8552e-04
2.0094e-02 6.2684e-01 4.8541e-04
2.0233e-02 6.2693e-01 4.8530e-04
2.0373e-02 6.2701e-01 4.8520e-04
2.0515e-02 6.2710e-01 4.8509e-04
2.0657e-02 6.2719e-01 4.8499e-04
2.0801e-02 6.2728e-01 4.8489e-04
2.0945e-02 6.2736e-01 4.8479e-04
2.1090e-02 6.2745e-01 4.8469e-04
2.1237e-02 6.2753e-01 4.8460e-04
2.1384e-02 6.2762e-01 4.8451e-04
2.1532e-02 6.2770e-01 4.8441e-04
2.1682e-02 6.2779e-01 4.8433e-04
2.1832e-02 6.2787e-01 4.8424e-04
2.1984e-02 6.2795e-01 4.8416e-04
2.2136e-02 6.2803e-01 4.8407e-04
2.2290e-02 6.2812e-01 4.8399e-04
2.2445e-02 6.2820e-01 4.8392e-04
2.2600e-02 6.2828e-01 4.8384e-04
2.2757e-02 6.2836e-01 4.8377e-04
2.2915e-02 6.2844e-01 4.8370e-04
2.3074e-02 6.2852e-01 4.8363e-04
2.3234e-02 6.2860e-01 4.8356e-04
2.3396e-02 6.2868e-01 4.8350e-04
2.3558e-02 6.2875e-01 4.8343e-04
2.3721e-02 6.2883e-01 4.8337e-04
2.3886e-02 6.2891e-01 4.8332e-04
2.4052e-02 6.2899e-01 4.8326e-04
2.4219e-02 6.2906e-01 4.8321e-04
2.4387e-02 6.2914e-01 4.8316e-04
2.4556e-02 6.2922e-01 4.8311e-04
2.4726e-02 6.2929e-01 4.8306e-04
2.4898e-02 6.2937e-01 4.8302e-04
2.5071e-02 6.2944e-01 4.8298e-04
2.5245e-02 6.2951e-01 4.8294e-04
2.5420e-02 6.2959e-01 4.8290e-04
2.5596e-02 6.2966e-01 4.8287e-04
2.5774e-02 6.2973e-01 4.8283e-04
2.5953e-02 6.2981e-01 4.8281e-04
2.6133e-02 6.2988e-01 4.8278e-04
2.6314e-02 6.2995e-01 4.8276e-04
2.6497e-02 6.3002e-01 4.8273e-04
2.6681e-02 6.3009e-01 4.8271e-04
2.6866e-02 6.3016e-01 4.8270e-04
2.7052e-02 6.3023e-01 4.8269e-04
2.7240e-02 6.3030e-01 4.8267e-04
2.7429e-02 6.3037e-01 4.8267e-04
2.7620e-02 6.3044e-01 4.8266e-04
2.7811e-02 6.3051e-01 4.8266e-04
2.8004e-02 6.3058e-01 4.8266e-04
2.8199e-02 6.3064e-01 4.8266e-04
2.8394e-02 6.3071e-01 4.8267e-04
2.8591e-02 6.3078e-01 4.8268e-04
2.8790e-02 6.3085e-01 4.8269e-04
2.8989e-02 6.3091e-01 4.8270e-04
2.9191e-02 6.3098e-01 4.8272e-04
2.9393e-02 6.3104e-01 4.8274e-04
2.9597e-02 6.3111e-01 4.8276e-04
2.9803e-02 6.3117e-01 4.8279e-04
3.0009e-02 6.3124e-01 4.8282e-04
3.0218e-02 6.3130e-01 4.8285e-04
3.0427e-02 6.3137e-01 4.8289e-04
3.0638e-02 6.3143e-01 4.8293e-04
3.0851e-02 6.3149e-01 4.8297e-04
3.1065e-02 6.3156e-01 4.8302e-04
3.1281e-02 6.3162e-01 4.8307e-04
3.1498e-02 6.3168e-01 4.8312e-04
3.1716e-02 6.3175e-01 4.8318e-04
3.1937e-02 6.3181e-01 4.8324e-04
3.2158e-02 6.3187e-01 4.8330e-04
3.2381e-02 6.3193e-01 4.8337e-04
3.2606e-02 6.3199e-01 4.8344e-04
3.2832e-02 6.3205e-01 4.8352e-04
3.3060e-02 6.3211e-01 4.8360e-04
3.3290e-02 6.3217e-01 4.8368e-04
3.3521e-02 6.3223e-01 4.8377e-04
3.3753e-02 6.3229e-01 4.8386e-04
3.3987e-02 6.3235e-01 4.8395e-04
3.4223e-02 6.3241e-01 4.8405e-04
3.4461e-02 6.3247e-01 4.8415e-04
3.4700e-02 6.3253e-01 4.8426e-04
3.4941e-02 6.3259e-01 4.8437e-04
3.5183e-02 6.3265e-01 4.8449e-04
3.5427e-02 6.3270e-01 4.8461e-04
3.5673e-02 6.3276e-01 4.8473e-04
3.5921e-02 6.3282e-01 4.8486e-04
3.6170e-02 6.3288e-01 4.8500e-04
3.6421e-02 6.3293e-01 4.8514e-04
3.6674e-02 6.3299e-01 4.8528e-04
3.6928e-02 6.3304e-01 4.8543e-04
3.7185e-02 6.3310e-01 4.8558e-04
3.7443e-02 6.3316e-01 4.8574e-04
3.7703e-02 6.3321e-01 4.8591e-04
3.7964e-02 6.3327e-01 4.8608e-04
3.8228e-02 6.3332e-01 4.8625e-04
3.8493e-02 6.3338e-01 4.8643e-04
3.8760e-02 6.3343e-01 4.8662e-04
3.9029e-02 6.3349e-01 4.8681e-04
3.9300e-02 6.3354e-01 4.8701e-04
3.9573e-02 6.3359e-01 4.8721e-04
3.9847e-02 6.3365e-01 4.8742e-04
4.0124e-02 6.3370e-01 4.8763e-04
4.0402e-02 6.3376e-01 4.8785e-04
4.0683e-02 6.3381e-01 4.8808e-04
4.0965e-02 6.3386e-01 4.8831e-04
4.1249e-02 6.3391e-01 4.8855e-04
4.1535e-02 6.3397e-01 4.8880e-04
4.1824e-02 6.3402e-01 4.8905e-04
4.2114e-02 6.3407e-01 4.8931e-04
4.2406e-02 6.3412e-01 4.8958e-04
4.2700e-02 6.3417e-01 4.8985e-04
4.2997e-02 6.3423e-01 4.9013e-04
4.3295e-02 6.3428e-01 4.9042e-04
4.3596e-02 6.3433e-01 4.9072e-04
4.3898e-02 6.3438e-01 4.9102e-04
4.4203e-02 6.3443e-01 4.9133e-04
4.4510e-02 6.3448e-01 4.9165e-04
4.4818e-02 6.3453e-01 4.9198e-04
4.5129e-02 6.3458e-01 4.9232e-04
4.5443e-02 6.3463e-01 4.9266e-04
4.5758e-02 6.3468e-01 4.9301e-04
4.6076e-02 6.3473e-01 4.9337e-04
4.6395e-02 6.3478e-01 4.9374e-04
4.6717e-02 6.3483e-01 4.9412e-04
4.7041e-02 6.3488e-01 4.9451e-04
4.7368e-02 6.3493e-01 4.9491e-04
4.7697e-02 6.3497e-01 4.9531e-04
4.8028e-02 6.3502e-01 4.9573e-04
4.8361e-02 6.3507e-01 4.9616e-04
4.8697e-02 6.3512e-01 4.9659e-04
4.9034e-02 6.3517e-01 4.9704e-04
4.9375e-02 6.3521e-01 4.9750e-04
4.9717e-02 6.3526e-01 4.9797e-04
5.0062e-02 6.3531e-01 4.9845e-04
5.0410e-02 6.3536e-01 4.9894e-04
5.0760e-02 6.3540e-01 4.9944e-04
5.1112e-02 6.3545e-01 4.9995e-04
5.1467e-02 6.3550e-01 5.0048e-04
5.1824e-02 6.3554e-01 5.0101e-04
5.2183e-02 6.3559e-01 5.0156e-04
5.2546e-02 6.3564e-01 5.0212e-04
5.2910e-02 6.3568e-01 5.0270e-04
5.3277e-02 6.3573e-01 5.0329e-04
5.3647e-02 6.3577e-01 5.0389e-04
5.4019e-02 6.3582e-01 5.0450e-04
5.4394e-02 6.3586e-01 5.0513e-04
5.4772e-02 6.3591e-01 5.0577e-04
5.5152e-02 6.3595e-01 5.0643e-04
5.5535e-02 6.3600e-01 5.0710e-04
5.5920e-02 6.3604e-01 5.0778e-04
5.6308e-02 6.3609e-01 5.0849e-04
5.6699e-02 6.3613e-01 5.0920e-04
5.7092e-02 6.3617e-01 5.0993e-04
5.7488e-02 6.3622e-01 5.1068e-04
5.7887e-02 6.3626e-01 5.1145e-04
5.8289e-02 6.3631e-01 5.1223e-04
5.8694e-02 6.3635e-01 5.1303e-04
5.9101e-02 6.3639e-01 5.1385e-04
5.9511e-02 6.3643e-01 5.1468e-04
5.9924e-02 6.3648e-01 5.1553e-04
6.0340e-02 6.3652e-01 5.1641e-04
6.0759e-02 6.3656e-01 5.1730e-04
6.1180e-02 6.3660e-01 5.1820e-04
6.1605e-02 6.3665e-01 5.1913e-04
6.2032e-02 6.3669e-01 5.2008e-04
6.2463e-02 6.3673e-01 5.2105e-04
6.2896e-02 6.3677e-01 5.2204e-04
6.3333e-02 6.3681e-01 5.2306e-04
6.3772e-02 6.3685e-01 5.2409e-04
6.4215e-02 6.3689e-01 5.2515e-04
6.4660e-02 6.3693e-01 5.2623e-04
6.5109e-02 6.3697e-01 5.2733e-04
6.5561e-02 6.3701e-01 5.2846e-04
6.6016e-02 6.3705e-01 5.2961e-04
6.6474e-02 6.3709e-01 5.3078e-04
6.6935e-02 6.3713e-01 5.3198e-04
6.7400e-02 6.3717e-01 5.3321e-04
6.7868e-02 6.3721e-01 5.3446e-04
6.8339e-02 6.3725e-01 5.3574e-04
6.8813e-02 6.3728e-01 5.3704e-04
6.9290e-02 6.3732e-01 5.3838e-04
6.9771e-02 6.3736e-01 5.3974e-04
7.0255e-02 6.3740e-01 5.4113e-04
7.0743e-02 6.3743e-01 5.4255e-04
7.1234e-02 6.3747e-01 5.4400e-04
7.1728e-02 6.3751e-01 5.4549e-04
7.2226e-02 6.3754e-01 5.4700e-04
7.2727e-02 6.3758e-01 5.4854e-04
7.3232e-02 6.3761e-01 5.5012e-04
7.3740e-02 6.3765e-01 5.5173e-04
7.4252e-02 6.3768e-01 5.5338e-04
7.4767e-02 6.3772e-01 5.5506e-04
7.5286e-02 6.3775e-01 5.5678e-04
7.5808e-02 6.3779e-01 5.5853e-04
7.6335e-02 6.3782e-01 5.6032e-04
7.6864e-02 6.3785e-01 5.6215e-04
7.7398e-02 6.3789e-01 5.6401e-04
7.7935e-02 6.3792e-01 5.6592e-04
7.8476e-02 6.3795e-01 5.6787e-04
7.9020e-02 6.3798e-01 5.6985e-04
7.9569e-02 6.3801e-01 5.7188e-04
8.0121e-02 6.3804e-01 5.7395e-04
8.0677e-02 6.3807e-01 5.7607e-04
8.1237e-02 6.3810e-01 5.7823e-04
8.1800e-02 6.3813e-01 5.8043e-04
8.2368e-02 6.3816e-01 5.8268e-04
8.2940e-02 6.3819e-01 5.8498e-04
8.3515e-02 6.3822e-01 5.8733e-04
8.4095e-02 6.3825e-01 5.8973e-04
8.4678e-02 6.3827e-01 5.9218e-04
8.5266e-02 6.3830e-01 5.9467e-04
8.5858e-02 6.3833e-01 5.9723e-04
8.6454e-02 6.3835e-01 5.9983e-04
8.7054e-02 6.3838e-01 6.0249e-04
8.7658e-02 6.3840e-01 6.0521e-04
8.8266e-02 6.3843e-01 6.0798e-04
8.8879e-02 6.3845e-01 6.1081e-04
8.9495e-02 6.3847e-01 6.1370e-04
9.0116e-02 6.3849e-01 6.1665e-04
9.0742e-02 6.3852e-01 6.1966e-04
9.1371e-02 6.3854e-01 6.2274e-04
9.2006e-02 6.3856e-01 6.2588e-04
9.2644e-02 6.3858e-01 6.2909e-04
9.3287e-02 6.3860e-01 6.3236e-04
9.3934e-02 6.3862e-01 6.3570e-04
9.4586e-02 6.3863e-01 6.3912e-04
9.5243e-02 6.3865e-01 6.4260e-04
9.5904e-02 6.3867e-01 6.4616e-04
9.6569e-02 6.3869e-01 6.4979e-04
9.7239e-02 6.3870e-01 6.5350e-04
9.7914e-02 6.3872e-01 6.5728e-04
9.8594e-02 6.3873e-01 6.6115e-04
9.9278e-02 6.3874e-01 6.6509e-04
9.9967e-02 6.3876e-01 6.6912e-04
1.0066e-01 6.3877e-01 6.7323e-04
1.0136e-01 6.3878e-01 6.7743e-04
1.0206e-01 6.3879e-01 6.8172e-04
1.0277e-01 6.3880e-01 6.8610e-04
1.0348e-01 6.3881e-01 6.9057e-04
1.0420e-01 6.3882e-01 6.9513e-04
1.0493e-01 6.3883e-01 6.9978e-04
1.0565e-01 6.3883e-01 7.0454e-04
1.0639e-01 6.3884e-01 7.0939e-04
1.0712e-01 6.3884e-01 7.1435e-04
1.0787e-01 6.3885e-01 7.1941e-04
1.0862e-01 6.3885e-01 7.2458e-04
1.0937e-01 6.3886e-01 7.2985e-04
1.1013e-01 6.3886e-01 7.3524e-04
1.1089e-01 6.3886e-01 7.4073e-04
1.1166e-01 6.3886e-01 7.4635e-04
1.1244e-01 6.3886e-01 7.5208e-04
1.1322e-01 6.3886e-01 7.5793e-04
1.1400e-01 6.3886e-01 7.6390e-04
1.1480e-01 6.3885e-01 7.6999e-04
1.1559e-01 6.3885e-01 7.7622e-04
1.1639e-01 6.3885e-01 7.8257e-04
1.1720e-01 6.3884e-01 7.8906e-04
1.1802e-01 6.3883e-01 7.9569e-04
1.1883e-01 6.3883e-01 8.0245e-04
1.1966e-01 6.3882e-01 8.0935e-04
1.2049e-01 6.3881e-01 8.1640e-04
1.2133e-01 6.3880e-01 8.2360e-04
1.2217e-01 6.3879e-01 8.3094e-04
1.2302e-01 6.3878e-01 8.3844e-04
1.2387e-01 6.3877e-01 8.4610e-04
1.2473e-01 6.3875e-01 8.5392e-04
1.2559e-01 6.3874e-01 8.6190e-04
1.2647e-01 6.3872e-01 8.7005e-04
1.2734e-01 6.3871e-01 8.7836e-04
1.2823e-01 6.3869e-01 8.8686e-04
1.2912e-01 6.3867e-01 8.9553e-04
1.3001e-01 6.3865e-01 9.0438e-04
1.3091e-01 6.3863e-01 9.1341e-04
1.3182e-01 6.3861e-01 9.2264e-04
1.3274e-01 6.3859e-01 9.3206e-04
1.3366e-01 6.3857e-01 9.4167e-04
1.3459e-01 6.3855e-01 9.5149e-04
1.3552e-01 6.3852e-01 9.6151e-04
1.3646e-01 6.3850e-01 9.7174e-04
1.3741e-01 6.3848e-01 9.8219e-04
1.3836e-01 6.3845e-01 9.9285e-04
1.3932e-01 6.3842e-01 1.0037e-03
1.4029e-01 6.3839e-01 1.0149e-03
1.4126e-01 6.3837e-01 1.0262e-03
1.4224e-01 6.3834e-01 1.0378e-03
1.4323e-01 6.3831e-01 1.0496e-03
1.4422e-01 6.3828e-01 1.0617e-03
1.4522e-01 6.3825e-01 1.0740e-03
1.4623e-01 6.3821e-01 1.0866e-03
1.4725e-01 6.3818e-01 1.0994e-03
1.4827e-01 6.3815e-01 1.1126e-03
1.4930e-01 6.3811e-01 1.1259e-03
1.5033e-01 6.3808e-01 1.1396e-03
1.5138e-01 6.3804e-01 1.1536e-03
1.5243e-01 6.3801e-01 1.1678e-03
1.5349e-01 6.3797e-01 1.1824e-03
1.5455e-01 6.3793e-01 1.1972e-03
1.5562e-01 6.3790e-01 1.2124e-03
1.5670e-01 6.3786e-01 1.2278e-03
1.5779e-01 6.3782e-01 1.2436e-03
1.5889e-01 6.3778e-01 1.2598e-03
1.5999e-01 6.3774e-01 1.2762e-03
1.6110e-01 6.3770e-01 1.2931e-03
1.6222e-01 6.3766e-01 1.3102e-03
1.6334e-01 6.3762e-01 1.3277e-03
1.6448e-01 6.3757e-01 1.3456e-03
1.6562e-01 6.3753e-01 1.3639e-03
1.6677e-01 6.3749e-01 1.3825e-03
1.6792e-01 6.3745e-01 1.4016e-03
1.6909e-01 6.3740e-01 1.4210e-03
1.7026e-01 6.3736e-01 1.4408e-03
1.7144e-01 6.3732e-01 1.4611e-03
1.7263e-01 6.3727e-01 1.4817e-03
1.7383e-01 6.3723e-01 1.5028e-03
1.7504e-01 6.3719e-01 1.5244e-03
1.7625e-01 6.3714e-01 1.5464e-03
1.7748e-01 6.3710e-01 1.5688e-03
1.7871e-01 6.3705e-01 1.5918e-03
1.7995e-01 6.3701e-01 1.6152e-03
1.8120e-01 6.3696e-01 1.6390e-03
1.8245e-01 6.3692e-01 1.6634e-03
1.8372e-01 6.3687e-01 1.6883e-03
1.8500e-01 6.3683e-01 1.7137e-03
1.8628e-01 6.3678e-01 1.7397e-03
1.8757e-01 6.3674e-01 1.7662e-03
1.8887e-01 6.3670e-01 1.7932e-03
1.9018e-01 6.3665e-01 1.8208e-03
1.9150e-01 6.3661e-01 1.8490e-03
1.9283e-01 6.3657e-01 1.8778e-03
1.9417e-01 6.3652e-01 1.9071e-03
1.9552e-01 6.3648e-01 1.9371e-03
1.9688e-01 6.3644e-01 1.9677e-03
1.9824e-01 6.3640e-01 1.9989e-03
1.9962e-01 6.3635e-01 2.0308e-03
2.0100e-01 6.3631e-01 2.0634e-03
2.0240e-01 6.3627e-01 2.0966e-03
2.0380e-01 6.3623e-01 2.1305e-03
2.0522e-01 6.3619e-01 2.1652e-03
2.0664e-01 6.3616e-01 2.2005e-03
2.0807e-01 6.3612e-01 2.2366e-03
2.0952e-01 6.3608e-01 2.2734e-03
2.1097e-01 6.3604e-01 2.3111e-03
2.1244e-01 6.3601e-01 2.3494e-03
2.1391e-01 6.3597e-01 2.3886e-03
2.1540e-01 6.3594e-01 2.4286e-03
2.1689e-01 6.3591e-01 2.4695e-03
2.1840e-01 6.3588e-01 2.5111e-03
2.1991e-01 6.3585e-01 2.5537e-03
2.2144e-01 6.3582e-01 2.5971e-03
2.2297e-01 6.3579e-01 2.6414e-03
2.2452e-01 6.3576e-01 2.6867e-03
2.2608e-01 6.3574e-01 2.7329e-03
2.2765e-01 6.3571e-01 2.7800e-03
2.2923e-01 6.3569e-01 2.8282e-03
2.3082e-01 6.3567e-01 2.8773e-03
2.3242e-01 6.3565e-01 2.9274e-03
2.3403e-01 6.3563e-01 2.9786e-03
2.3566e-01 6.3561e-01 3.0308e-03
2.3729e-01 6.3559e-01 3.0842e-03
2.3894e-01 6.3558e-01 3.1386e-03
2.4060e-01 6.3557e-01 3.1942e-03
2.4227e-01 6.3556e-01 3.2509e-03
2.4395e-01 6.3555e-01 3.3087e-03
2.4564e-01 6.3554e-01 3.3678e-03
2.4735e-01 6.3554e-01 3.4281e-03
2.4906e-01 6.3553e-01 3.4897e-03
2.5079e-01 6.3553e-01 3.5525e-03
2.5253e-01 6.3554e-01 3.6166e-03
2.5428e-01 6.3554e-01 3.6820e-03
2.5605e-01 6.3554e-01 3.7488e-03
2.5783e-01 6.3555e-01 3.8170e-03
2.5961e-01 6.3556e-01 3.8865e-03
2.6142e-01 6.3558e-01 3.9576e-03
2.6323e-01 6.3559e-01 4.0300e-03
2.6506e-01 6.3561e-01 4.1040e-03
2.6690e-01 6.3563e-01 4.1795e-03
2.6875e-01 6.3566e-01 4.2565e-03
2.7061e-01 6.3568e-01 4.3351e-03
2.7249e-01 6.3571e-01 4.4153e-03
2.7438e-01 6.3574e-01 4.4972e-03
2.7629e-01 6.3578e-01 4.5808e-03
2.7820e-01 6.3582e-01 4.6660e-03
2.8014e-01 6.3586e-01 4.7531e-03
2.8208e-01 6.3590e-01 4.8419e-03
2.8404e-01 6.3595e-01 4.9325e-03
2.8601e-01 6.3600e-01 5.0250e-03
2.8799e-01 6.3606e-01 5.1193e-03
2.8999e-01 6.3612e-01 5.2156e-03
2.9200e-01 6.3618e-01 5.3139e-03
2.9403e-01 6.3624e-01 5.4142e-03
2.9607e-01 6.3631e-01 5.5165e-03
2.9813e-01 6.3639e-01 5.6209e-03
3.0019e-01 6.3647e-01 5.7274e-03
3.0228e-01 6.3655e-01 5.8361e-03
3.0437e-01 6.3663e-01 5.9470e-03
3.0649e-01 6.3672e-01 6.0602e-03
3.0861e-01 6.3682e-01 6.1757e-03
3.1076e-01 6.3691e-01 6.2935e-03
3.1291e-01 6.3702e-01 6.4137e-03
3.1508e-01 6.3713e-01 6.5363e-03
3.1727e-01 6.3724e-01 6.6614e-03
3.1947e-01 6.3735e-01 6.7890e-03
3.2169e-01 6.3748e-01 6.9193e-03
3.2392e-01 6.3760e-01 7.0521e-03
3.2617e-01 6.3773e-01 7.1876e-03
3.2843e-01 6.3787e-01 7.3259e-03
3.3071e-01 6.3801e-01 7.4670e-03
3.3301e-01 6.3816e-01 7.6108e-03
3.3532e-01 6.3831e-01 7.7576e-03
3.3764e-01 6.3847e-01 7.9073e-03
3.3999e-01 6.3864e-01 8.0600e-03
3.4235e-01 6.3881e-01 8.2158e-03
3.4472e-01 6.3898e-01 8.3747e-03
3.4712e-01 6.3916e-01 8.5368e-03
3.4952e-01 6.3935e-01 8.7021e-03
3.5195e-01 6.3954e-01 8.8707e-03
3.5439e-01 6.3974e-01 9.0426e-03
3.5685e-01 6.3995e-01 9.2180e-03
3.5933e-01 6.4016e-01 9.3968e-03
3.6182e-01 6.4038e-01 9.5792e-03
3.6433e-01 6.4060e-01 9.7652e-03
3.6686e-01 6.4083e-01 9.9549e-03
3.6941e-01 6.4107e-01 1.0148e-02
3.7197e-01 6.4132e-01 1.0346e-02
3.7455e-01 6.4157e-01 1.0547e-02
3.7715e-01 6.4183e-01 1.0752e-02
3.7977e-01 6.4209e-01 1.0961e-02
3.8240e-01 6.4237e-01 1.1174e-02
3.8506e-01 6.4265e-01 1.1391e-02
3.8773e-01 6.4293e-01 1.1613e-02
3.9042e-01 6.4323e-01 1.1839e-02
3.9313e-01 6.4353e-01 1.2069e-02
3.9586e-01 6.4384e-01 1.2304e-02
3.9861e-01 6.4416e-01 1.2544e-02
4.0137e-01 6.4449e-01 1.2788e-02
4.0416e-01 6.4482e-01 1.3036e-02
4.0696e-01 6.4516e-01 1.3290e-02
4.0979e-01 6.4551e-01 1.3548e-02
4.1263e-01 6.4587e-01 1.3811e-02
4.1549e-01 6.4623e-01 1.4080e-02
4.1838e-01 6.4661e-01 1.4353e-02
4.2128e-01 6.4699e-01 1.4632e-02
4.2420e-01 6.4738e-01 1.4916e-02
4.2715e-01 6.4778e-01 1.5206e-02
4.3011e-01 6.4819e-01 1.5501e-02
4.3310e-01 6.4860e-01 1.5801e-02
4.3610e-01 6.4903e-01 1.6107e-02
4.3913e-01 6.4946e-01 1.6419e-02
4.4218e-01 6.4990e-01 1.6737e-02
4.4524e-01 6.5035e-01 1.7061e-02
4.4833e-01 6.5081e-01 1.7391e-02
4.5144e-01 6.5127e-01 1.7727e-02
4.5458e-01 6.5175e-01 1.8069e-02
4.5773e-01 6.5223e-01 1.8417e-02
4.6091e-01 6.5272e-01 1.8772e-02
4.6411e-01 6.5322e-01 1.9134e-02
4.6733e-01 6.5373e-01 1.9502e-02
4.7057e-01 6.5425e-01 1.9877e-02
4.7384e-01 6.5478e-01 2.0258e-02
4.7713e-01 6.5531e-01 2.0647e-02
4.8044e-01 6.5585e-01 2.1042e-02
4.8377e-01 6.5640e-01 2.1445e-02
4.8713e-01 6.5696e-01 2.1855e-02
4.9051e-01 6.5753e-01 2.2273e-02
4.9391e-01 6.5810e-01 2.2698e-02
4.9734e-01 6.5869e-01 2.3130e-02
5.0079e-01 6.5928e-01 2.3570e-02
5.0427e-01 6.5987e-01 2.4018e-02
5.0777e-01 6.6048e-01 2.4474e-02
5.1129e-01 6.6109e-01 2.4937e-02
5.1484e-01 6.6171e-01 2.5409e-02
5.1841e-01 6.6234e-01 2.5889e-02
5.2201e-01 6.6297e-01 2.6378e-02
5.2563e-01 6.6361e-01 2.6874e-02
5.2928e-01 6.6426e-01 2.7379e-02
5.3295e-01 6.6491e-01 2.7893e-02
5.3665e-01 6.6557e-01 2.8416e-02
5.4037e-01 6.6623e-01 2.8947e-02
5.4412e-01 6.6690e-01 2.9488e-02
5.4790e-01 6.6757e-01 3.0037e-02
5.5170e-01 6.6825e-01 3.0596e-02
5.5553e-01 6.6893e-01 3.1164e-02
5.5939e-01 6.6962e-01 3.1741e-02
5.6327e-01 6.7031e-01 3.2328e-02
5.6718e-01 6.7100e-01 3.2924e-02
5.7111e-01 6.7169e-01 3.3530e-02
5.7508e-01 6.7239e-01 3.4145e-02
5.7907e-01 6.7309e-01 3.4771e-02
5.8309e-01 6.7379e-01 3.5406e-02
5.8713e-01 6.7449e-01 3.6052e-02
5.9121e-01 6.7519e-01 3.6708e-02
5.9531e-01 6.7590e-01 3.7374e-02
5.9944e-01 6.7660e-01 3.8050e-02
6.0360e-01 6.7729e-01 3.8737e-02
6.0779e-01 6.7799e-01 3.9434e-02
6.1201e-01 6.7869e-01 4.0142e-02
6.1625e-01 6.7938e-01 4.0860e-02
6.2053e-01 6.8007e-01 4.1589e-02
6.2484e-01 6.8075e-01 4.2329e-02
6.2917e-01 6.8143e-01 4.3080e-02
6.3354e-01 6.8210e-01 4.3842e-02
6.3794e-01 6.8276e-01 4.4615e-02
6.4236e-01 6.8342e-01 4.5400e-02
6.4682e-01 6.8407e-01 4.6195e-02
6.5131e-01 6.8471e-01 4.7001e-02
6.5583e-01 6.8533e-01 4.7819e-02
6.6038e-01 6.8595e-01 4.8649e-02
6.6496e-01 6.8656e-01 4.9489e-02
6.6958e-01 6.8715e-01 5.0341e-02
6.7422e-01 6.8773e-01 5.1205e-02
6.7890e-01 6.8830e-01 5.2080e-02
6.8361e-01 6.8885e-01 5.2967e-02
6.8836e-01 6.8938e-01 5.3865e-02
6.9313e-01 6.8989e-01 5.4775e-02
6.9795e-01 6.9039e-01 5.5697e-02
7.0279e-01 6.9086e-01 5.6630e-02
7.0767e-01 6.9132e-01 5.7575e-02
7.1258e-01 6.9175e-01 5.8532e-02
7.1752e-01 6.9216e-01 5.9500e-02
7.2250e-01 6.9255e-01 6.0480e-02
7.2751e-01 6.9291e-01 6.1472e-02
7.3256e-01 6.9324e-01 6.2475e-02
7.3765e-01 6.9355e-01 6.3491e-02
7.4277e-01 6.9382e-01 6.4517e-02
7.4792e-01 6.9407e-01 6.5556e-02
7.5311e-01 6.9428e-01 6.6605e-02
7.5834e-01 6.9447e-01 6.7667e-02
7.6360e-01 6.9461e-01 6.8740e-02
7.6890e-01 6.9473e-01 6.9824e-02
7.7424e-01 6.9480e-01 7.0920e-02
7.7961e-01 6.9484e-01 7.2027e-02
7.8502e-01 6.9484e-01 7.3145e-02
7.9047e-01 6.9480e-01 7.4274e-02
7.9595e-01 6.9472e-01 7.5415e-02
8.0148e-01 6.9459e-01 7.6566e-02
8.0704e-01 6.9442e-01 7.7728e-02
8.1264e-01 6.9421e-01 7.8901e-02
8.1828e-01 6.9395e-01 8.0085e-02
8.2396e-01 6.9364e-01 8.1279e-02
8.2967e-01 6.9328e-01 8.2483e-02
8.3543e-01 6.9287e-01 8.3698e-02
8.4123e-01 6.9241e-01 8.4923e-02
8.4707e-01 6.9190e-01 8.6158e-02
8.5294e-01 6.9133e-01 8.7403e-02
8.5886e-01 6.9071e-01 8.8658e-02
8.6482e-01 6.9003e-01 8.9922e-02
8.7083e-01 6.8929e-01 9.1195e-02
8.7687e-01 6.8850e-01 9.2477e-02
8.8295e-01 6.8764e-01 9.3769e-02
8.8908e-01 6.8673e-01 9.5069e-02
8.9525e-01 6.8575e-01 9.6378e-02
9.0146e-01 6.8471e-01 9.7695e-02
9.0772e-01 6.8361e-01 9.9021e-02
9.1402e-01 6.8244e-01 1.0035e-01
9.2036e-01 6.8121e-01 1.0169e-01
9.2675e-01 6.7991e-01 1.0304e-01
9.3318e-01 6.7855e-01 1.0440e-01
9.3966e-01 6.7711e-01 1.0576e-01
9.4618e-01 6.7561e-01 1.0713e-01
9.5274e-01 6.7404e-01 1.0851e-01
9.5936e-01 6.7240e-01 1.0989e-01
9.6601e-01 6.7068e-01 1.1128e-01
9.7272e-01 6.6890e-01 1.1267e-01
9.7947e-01 6.6705e-01 1.1407e-01
9.8626e-01 6.6512e-01 1.1548e-01
9.9311e-01 6.6312e-01 1.1689e-01
1.0000e+00 6.6105e-01 1.1830e-01
