9.9900e-04 4.5511e-01 4.6524e-04
1.0059e-03 4.5602e-01 4.6531e-04
1.0129e-03 4.5692e-01 4.6538e-04
1.0199e-03 4.5783e-01 4.6545e-04
1.0270e-03 4.5873e-01 4.6551e-04
1.0341e-03 4.5962e-01 4.6557e-04
1.0413e-03 4.6052e-01 4.6563e-04
1.0486e-03 4.6141e-01 4.6569e-04
1.0558e-03 4.6230e-01 4.6574e-04
1.0632e-03 4.6319e-01 4.6579e-04
1.0705e-03 4.6407e-01 4.6584e-04
1.0780e-03 4.6495e-01 4.6588e-04
1.0854e-03 4.6583e-01 4.6592e-04
1.0930e-03 4.6671e-01 4.6596e-04
1.1006e-03 4.6758e-01 4.6600e-04
1.1082e-03 4.6845e-01 4.6603e-04
1.1159e-03 4.6932e-01 4.6606e-04
1.1236e-03 4.7018e-01 4.6609e-04
1.1314e-03 4.7104e-01 4.6612e-04
1.1393e-03 4.7190e-01 4.6614e-04
1.1472e-03 4.7276e-01 4.6616e-04
1.1551e-03 4.7361e-01 4.6618e-04
1.1632e-03 4.7446e-01 4.6620e-04
1.1712e-03 4.7531e-01 4.6621e-04
1.1794e-03 4.7615e-01 4.6622e-04
1.1875e-03 4.7700e-01 4.6623e-04
1.1958e-03 4.7783e-01 4.6623e-04
1.2041e-03 4.7867e-01 4.6624e-04
1.2124e-03 4.7950e-01 4.6624e-04
1.2209e-03 4.8033e-01 4.6624e-04
1.2293e-03 4.8116e-01 4.6623e-04
1.2379e-03 4.8198e-01 4.6623e-04
1.2465e-03 4.8281e-01 4.6622e-04
1.2551e-03 4.8362e-01 4.6621e-04
1.2638e-03 4.8444e-01 4.6620e-04
1.2726e-03 4.8525e-01 4.6618e-04
1.2814e-03 4.8606e-01 4.6616e-04
1.2903e-03 4.8687e-01 4.6615e-04
1.2993e-03 4.8767e-01 4.6612e-04
1.3083e-03 4.8847e-01 4.6610e-04
1.3174e-03 4.8927e-01 4.6607e-04
1.3265e-03 4.9007e-01 4.6605e-04
1.3357e-03 4.9086e-01 4.6602e-04
1.3450e-03 4.9165e-01 4.6599e-04
1.3543e-03 4.9243e-01 4.6595e-04
1.3637e-03 4.9322e-01 4.6592e-04
1.3732e-03 4.9400e-01 4.6588e-04
1.3827e-03 4.9477e-01 4.6584e-04
1.3923e-03 4.9555e-01 4.6580e-04
1.4020e-03 4.9632e-01 4.6575e-04
1.4117e-03 4.9709e-01 4.6571e-04
1.4215e-03 4.9785e-01 4.6566e-04
1.4313e-03 4.9861e-01 4.6561e-04
1.4413e-03 4.9937e-01 4.6556e-04
1.4513e-03 5.0013e-01 4.6551e-04
1.4614e-03 5.0088e-01 4.6546e-04
1.4715e-03 5.0163e-01 4.6540e-04
1.4817e-03 5.0238e-01 4.6534e-04
1.4920e-03 5.0313e-01 4.6528e-04
1.5023e-03 5.0387e-01 4.6522e-04
1.5128e-03 5.0461e-01 4.6516e-04
1.5233e-03 5.0534e-01 4.6509e-04
1.5338e-03 5.0607e-01 4.6503e-04
1.5445e-03 5.0680e-01 4.6496e-04
1.5552e-03 5.0753e-01 4.6489e-04
1.5660e-03 5.0825e-01 4.6482e-04
1.5769e-03 5.0897e-01 4.6475e-04
1.5878e-03 5.0969e-01 4.6468e-04
1.5988e-03 5.1041e-01 4.6460e-04
1.6099e-03 5.1112e-01 4.6453e-04
1.6211e-03 5.1183e-01 4.6445e-04
1.6323e-03 5.1253e-01 4.6437e-04
1.6437e-03 5.1324e-01 4.6429e-04
1.6551e-03 5.1394e-01 4.6421e-04
1.6666e-03 5.1463e-01 4.6412e-04
1.6781e-03 5.1533e-01 4.6404e-04
1.6898e-03 5.1602e-01 4.6395e-04
1.7015e-03 5.1671e-01 4.6387e-04
1.7133e-03 5.1739e-01 4.6378e-04
1.7252e-03 5.1807e-01 4.6369e-04
1.7372e-03 5.1875e-01 4.6360e-04
1.7492e-03 5.1943e-01 4.6351e-04
1.7614e-03 5.2010e-01 4.6341e-04
1.7736e-03 5.2077e-01 4.6332e-04
1.7859e-03 5.2144e-01 4.6322e-04
1.7983e-03 5.2211e-01 4.6313e-04
1.8108e-03 5.2277e-01 4.6303e-04
1.8233e-03 5.2343e-01 4.6293e-04
1.8360e-03 5.2408e-01 4.6283e-04
1.8487e-03 5.2474e-01 4.6273e-04
1.8616e-03 5.2539e-01 4.6263e-04
1.8745e-03 5.2603e-01 4.6253e-04
1.8875e-03 5.2668e-01 4.6243e-04
1.9006e-03 5.2732e-01 4.6232e-04
1.9138e-03 5.2796e-01 4.6222e-04
1.9270e-03 5.2859e-01 4.6211e-04
1.9404e-03 5.2923e-01 4.6200e-04
1.9539e-03 5.2986e-01 4.6190e-04
1.9674e-03 5.3048e-01 4.6179e-04
1.9811e-03 5.3111e-01 4.6168e-04
1.9948e-03 5.3173e-01 4.6157e-04
2.0087e-03 5.3235e-01 4.6146e-04
2.0226e-03 5.3296e-01 4.6135e-04
2.0367e-03 5.3357e-01 4.6123e-04
2.0508e-03 5.3418e-01 4.6112e-04
2.0650e-03 5.3479e-01 4.6101e-04
2.0794e-03 5.3539e-01 4.6089e-04
2.0938e-03 5.3600e-01 4.6078e-04
2.1083e-03 5.3659e-01 4.6066e-04
2.1230e-03 5.3719e-01 4.6055e-04
2.1377e-03 5.3778e-01 4.6043e-04
2.1525e-03 5.3837e-01 4.6031e-04
2.1675e-03 5.3896e-01 4.6019e-04
2.1825e-03 5.3955e-01 4.6008e-04
2.1976e-03 5.4013e-01 4.5996e-04
2.2129e-03 5.4071e-01 4.5984e-04
2.2283e-03 5.4128e-01 4.5972e-04
2.2437e-03 5.4186e-01 4.5960e-04
2.2593e-03 5.4243e-01 4.5948e-04
2.2750e-03 5.4299e-01 4.5935e-04
2.2908e-03 5.4356e-01 4.5923e-04
2.3067e-03 5.4412e-01 4.5911e-04
2.3227e-03 5.4468e-01 4.5899e-04
2.3388e-03 5.4524e-01 4.5886e-04
2.3550e-03 5.4579e-01 4.5874e-04
2.3713e-03 5.4634e-01 4.5862e-04
2.3878e-03 5.4689e-01 4.5849e-04
2.4044e-03 5.4744e-01 4.5837e-04
2.4211e-03 5.4798e-01 4.5825e-04
2.4379e-03 5.4852e-01 4.5812e-04
2.4548e-03 5.4906e-01 4.5800e-04
2.4718e-03 5.4960e-01 4.5787e-04
2.4890e-03 5.5013e-01 4.5774e-04
2.5062e-03 5.5066e-01 4.5762e-04
2.5236e-03 5.5119e-01 4.5749e-04
2.5411e-03 5.5171e-01 4.5737e-04
2.5588e-03 5.5223e-01 4.5724e-04
2.5765e-03 5.5275e-01 4.5711e-04
2.5944e-03 5.5327e-01 4.5699e-04
2.6124e-03 5.5378e-01 4.5686e-04
2.6306e-03 5.5429e-01 4.5673e-04
2.6488e-03 5.5480e-01 4.5661e-04
2.6672e-03 5.5531e-01 4.5648e-04
2.6857e-03 5.5581e-01 4.5635e-04
2.7043e-03 5.5631e-01 4.5623e-04
2.7231e-03 5.5681e-01 4.5610e-04
2.7420e-03 5.5731e-01 4.5597e-04
2.7610e-03 5.5780e-01 4.5585e-04
2.7802e-03 5.5829e-01 4.5572e-04
2.7995e-03 5.5878e-01 4.5559e-04
2.8189e-03 5.5927e-01 4.5547e-04
2.8385e-03 5.5975e-01 4.5534e-04
2.8582e-03 5.6023e-01 4.5521e-04
2.8780e-03 5.6071e-01 4.5509e-04
2.8980e-03 5.6119e-01 4.5496e-04
2.9181e-03 5.6166e-01 4.5483e-04
2.9383e-03 5.6213e-01 4.5471e-04
2.9587e-03 5.6260e-01 4.5458e-04
2.9793e-03 5.6306e-01 4.5445e-04
2.9999e-03 5.6353e-01 4.5433e-04
3.0208e-03 5.6399e-01 4.5420e-04
3.0417e-03 5.6445e-01 4.5408e-04
3.0628e-03 5.6490e-01 4.5395e-04
3.0841e-03 5.6536e-01 4.5382e-04
3.1055e-03 5.6581e-01 4.5370e-04
3.1270e-03 5.6626e-01 4.5357e-04
3.1487e-03 5.6670e-01 4.5345e-04
3.1706e-03 5.6715e-01 4.5333e-04
3.1926e-03 5.6759e-01 4.5320e-04
3.2147e-03 5.6803e-01 4.5308e-04
3.2371e-03 5.6847e-01 4.5295e-04
3.2595e-03 5.6890e-01 4.5283e-04
3.2821e-03 5.6933e-01 4.5271e-04
3.3049e-03 5.6976e-01 4.5258e-04
3.3279e-03 5.7019e-01 4.5246e-04
3.3509e-03 5.7062e-01 4.5234e-04
3.3742e-03 5.7104e-01 4.5222e-04
3.3976e-03 5.7146e-01 4.5210e-04
3.4212e-03 5.7188e-01 4.5198e-04
3.4449e-03 5.7229e-01 4.5186e-04
3.4688e-03 5.7271e-01 4.5173e-04
3.4929e-03 5.7312e-01 4.5161e-04
3.5172e-03 5.7353e-01 4.5150e-04
3.5416e-03 5.7394e-01 4.5138e-04
3.5661e-03 5.7434e-01 4.5126e-04
3.5909e-03 5.7474e-01 4.5114e-04
3.6158e-03 5.7514e-01 4.5102e-04
3.6409e-03 5.7554e-01 4.5090e-04
3.6662e-03 5.7594e-01 4.5079e-04
3.6916e-03 5.7633e-01 4.5067e-04
3.7172e-03 5.7672e-01 4.5055e-04
3.7430e-03 5.7711e-01 4.5044e-04
3.7690e-03 5.7750e-01 4.5032e-04
3.7952e-03 5.7789e-01 4.5021e-04
3.8215e-03 5.7827e-01 4.5009e-04
3.8480e-03 5.7865e-01 4.4998e-04
3.8747e-03 5.7903e-01 4.4986e-04
3.9016e-03 5.7941e-01 4.4975e-04
3.9287e-03 5.7978e-01 4.4964e-04
3.9559e-03 5.8015e-01 4.4953e-04
3.9834e-03 5.8052e-01 4.4942e-04
4.0110e-03 5.8089e-01 4.4930e-04
4.0389e-03 5.8126e-01 4.4919e-04
4.0669e-03 5.8162e-01 4.4908e-04
4.0951e-03 5.8198e-01 4.4897e-04
4.1235e-03 5.8234e-01 4.4887e-04
4.1522e-03 5.8270e-01 4.4876e-04
4.1810e-03 5.8306e-01 4.4865e-04
4.2100e-03 5.8341e-01 4.4854e-04
4.2392e-03 5.8376e-01 4.4844e-04
4.2686e-03 5.8411e-01 4.4833e-04
4.2982e-03 5.8446e-01 4.4822e-04
4.3281e-03 5.8481e-01 4.4812e-04
4.3581e-03 5.8515e-01 4.4802e-04
4.3884e-03 5.8549e-01 4.4791e-04
4.4188e-03 5.8583e-01 4.4781e-04
4.4495e-03 5.8617e-01 4.4771e-04
4.4803e-03 5.8650e-01 4.4760e-04
4.5114e-03 5.8684e-01 4.4750e-04
4.5427e-03 5.8717e-01 4.4740e-04
4.5743e-03 5.8750e-01 4.4730e-04
4.6060e-03 5.8783e-01 4.4720e-04
4.6380e-03 5.8816e-01 4.4710e-04
4.6702e-03 5.8848e-01 4.4700e-04
4.7026e-03 5.8880e-01 4.4691e-04
4.7352e-03 5.8912e-01 4.4681e-04
4.7681e-03 5.8944e-01 4.4671e-04
4.8012e-03 5.8976e-01 4.4662e-04
4.8345e-03 5.9007e-01 4.4652e-04
4.8680e-03 5.9039e-01 4.4643e-04
4.9018e-03 5.9070e-01 4.4633e-04
4.9358e-03 5.9101e-01 4.4624e-04
4.9701e-03 5.9132e-01 4.4615e-04
5.0046e-03 5.9162e-01 4.4606e-04
5.0393e-03 5.9193e-01 4.4597e-04
5.0743e-03 5.9223e-01 4.4588e-04
5.1095e-03 5.9253e-01 4.4579e-04
5.1449e-03 5.9283e-01 4.4570e-04
5.1806e-03 5.9313e-01 4.4561e-04
5.2166e-03 5.9342e-01 4.4552e-04
5.2528e-03 5.9371e-01 4.4543e-04
5.2893e-03 5.9401e-01 4.4535e-04
5.3260e-03 5.9430e-01 4.4526e-04
5.3629e-03 5.9459e-01 4.4517e-04
5.4001e-03 5.9487e-01 4.4509e-04
5.4376e-03 5.9516e-01 4.4501e-04
5.4753e-03 5.9544e-01 4.4492e-04
5.5133e-03 5.9572e-01 4.4484e-04
5.5516e-03 5.9600e-01 4.4476e-04
5.5901e-03 5.9628e-01 4.4468e-04
5.6289e-03 5.9656e-01 4.4460e-04
5.6680e-03 5.9683e-01 4.4452e-04
5.7073e-03 5.9711e-01 4.4444e-04
5.7469e-03 5.9738e-01 4.4436e-04
5.7868e-03 5.9765e-01 4.4428e-04
5.8270e-03 5.9792e-01 4.4420e-04
5.8674e-03 5.9818e-01 4.4413e-04
5.9081e-03 5.9845e-01 4.4405e-04
5.9491e-03 5.9871e-01 4.4398e-04
5.9904e-03 5.9897e-01 4.4390e-04
6.0320e-03 5.9923e-01 4.4383e-04
6.0738e-03 5.9949e-01 4.4376e-04
6.1160e-03 5.9975e-01 4.4368e-04
6.1584e-03 6.0001e-01 4.4361e-04
6.2012e-03 6.0026e-01 4.4354e-04
6.2442e-03 6.0051e-01 4.4347e-04
6.2875e-03 6.0076e-01 4.4340e-04
6.3312e-03 6.0101e-01 4.4333e-04
6.3751e-03 6.0126e-01 4.4326e-04
6.4193e-03 6.0151e-01 4.4320e-04
6.4639e-03 6.0175e-01 4.4313e-04
6.5087e-03 6.0200e-01 4.4306e-04
6.5539e-03 6.0224e-01 4.4300e-04
6.5994e-03 6.0248e-01 4.4293e-04
6.6452e-03 6.0272e-01 4.4287e-04
6.6913e-03 6.0296e-01 4.4281e-04
6.7377e-03 6.0319e-01 4.4274e-04
6.7845e-03 6.0343e-01 4.4268e-04
6.8316e-03 6.0366e-01 4.4262e-04
6.8790e-03 6.0389e-01 4.4256e-04
6.9267e-03 6.0412e-01 4.4250e-04
6.9748e-03 6.0435e-01 4.4244e-04
7.0232e-03 6.0458e-01 4.4238e-04
7.0719e-03 6.0481e-01 4.4233e-04
7.1210e-03 6.0503e-01 4.4227e-04
7.1704e-03 6.0526e-01 4.4221e-04
7.2202e-03 6.0548e-01 4.4216e-04
7.2703e-03 6.0570e-01 4.4210e-04
7.3208e-03 6.0592e-01 4.4205e-04
7.3716e-03 6.0614e-01 4.4199e-04
7.4227e-03 6.0635e-01 4.4194e-04
7.4742e-03 6.0657e-01 4.4189e-04
7.5261e-03 6.0678e-01 4.4184e-04
7.5783e-03 6.0700e-01 4.4179e-04
7.6309e-03 6.0721e-01 4.4174e-04
7.6839e-03 6.0742e-01 4.4169e-04
7.7372e-03 6.0763e-01 4.4164e-04
7.7909e-03 6.0784e-01 4.4159e-04
7.8450e-03 6.0804e-01 4.4154e-04
7.8994e-03 6.0825e-01 4.4149e-04
7.9542e-03 6.0845e-01 4.4145e-04
8.0094e-03 6.0865e-01 4.4140e-04
8.0650e-03 6.0885e-01 4.4136e-04
8.1210e-03 6.0905e-01 4.4131e-04
8.1773e-03 6.0925e-01 4.4127e-04
8.2341e-03 6.0945e-01 4.4123e-04
8.2912e-03 6.0965e-01 4.4119e-04
8.3487e-03 6.0984e-01 4.4114e-04
8.4067e-03 6.1004e-01 4.4110e-04
8.4650e-03 6.1023e-01 4.4106e-04
8.5238e-03 6.1042e-01 4.4102e-04
8.5829e-03 6.1061e-01 4.4099e-04
8.6425e-03 6.1080e-01 4.4095e-04
8.7025e-03 6.1099e-01 4.4091e-04
8.7628e-03 6.1117e-01 4.4087e-04
8.8237e-03 6.1136e-01 4.4084e-04
8.8849e-03 6.1154e-01 4.4080e-04
8.9466e-03 6.1173e-01 4.4077e-04
9.0086e-03 6.1191e-01 4.4073e-04
9.0712e-03 6.1209e-01 4.4070e-04
9.1341e-03 6.1227e-01 4.4067e-04
9.1975e-03 6.1245e-01 4.4064e-04
9.2613e-03 6.1263e-01 4.4060e-04
9.3256e-03 6.1280e-01 4.4057e-04
9.3903e-03 6.1298e-01 4.4054e-04
9.4555e-03 6.1315e-01 4.4052e-04
9.5211e-03 6.1333e-01 4.4049e-04
9.5872e-03 6.1350e-01 4.4046e-04
9.6537e-03 6.1367e-01 4.4043e-04
9.7207e-03 6.1384e-01 4.4041e-04
9.7881e-03 6.1401e-01 4.4038e-04
9.8561e-03 6.1417e-01 4.4035e-04
9.9245e-03 6.1434e-01 4.4033e-04
9.9933e-03 6.1451e-01 4.4031e-04
1.0063e-02 6.1467e-01 4.4028e-04
1.0133e-02 6.1484e-01 4.4026e-04
1.0203e-02 6.1500e-01 4.4024e-04
1.0274e-02 6.1516e-01 4.4022e-04
1.0345e-02 6.1532e-01 4.4020e-04
1.0417e-02 6.1548e-01 4.4018e-04
1.0489e-02 6.1564e-01 4.4016e-04
1.0562e-02 6.1580e-01 4.4014e-04
1.0635e-02 6.1595e-01 4.4012e-04
1.0709e-02 6.1611e-01 4.4011e-04
1.0783e-02 6.1626e-01 4.4009e-04
1.0858e-02 6.1642e-01 4.4008e-04
1.0933e-02 6.1657e-01 4.4006e-04
1.1009e-02 6.1672e-01 4.4005e-04
1.1086e-02 6.1687e-01 4.4003e-04
1.1163e-02 6.1702e-01 4.4002e-04
1.1240e-02 6.1717e-01 4.4001e-04
1.1318e-02 6.1732e-01 4.4000e-04
1.1397e-02 6.1746e-01 4.3999e-04
1.1476e-02 6.1761e-01 4.3998e-04
1.1555e-02 6.1775e-01 4.3997e-04
1.1636e-02 6.1790e-01 4.3996e-04
1.1716e-02 6.1804e-01 4.3995e-04
1.1798e-02 6.1818e-01 4.3995e-04
1.1879e-02 6.1833e-01 4.3994e-04
1.1962e-02 6.1847e-01 4.3994e-04
1.2045e-02 6.1861e-01 4.3993e-04
1.2128e-02 6.1874e-01 4.3993e-04
1.2213e-02 6.1888e-01 4.3993e-04
1.2297e-02 6.1902e-01 4.3992e-04
1.2383e-02 6.1916e-01 4.3992e-04
1.2469e-02 6.1929e-01 4.3992e-04
1.2555e-02 6.1942e-01 4.3992e-04
1.2642e-02 6.1956e-01 4.3992e-04
1.2730e-02 6.1969e-01 4.3993e-04
1.2818e-02 6.1982e-01 4.3993e-04
1.2907e-02 6.1995e-01 4.3993e-04
1.2997e-02 6.2008e-01 4.3994e-04
1.3087e-02 6.2021e-01 4.3994e-04
1.3178e-02 6.2034e-01 4.3995e-04
1.3269e-02 6.2047e-01 4.3995e-04
1.3361e-02 6.2060e-01 4.3996e-04
1.3454e-02 6.2072e-01 4.3997e-04
1.3548e-02 6.2085e-01 4.3998e-04
1.3642e-02 6.2097e-01 4.3999e-04
1.3736e-02 6.2110e-01 4.4000e-04
1.3832e-02 6.2122e-01 4.4001e-04
1.3928e-02 6.2134e-01 4.4002e-04
1.4024e-02 6.2146e-01 4.4004e-04
1.4122e-02 6.2158e-01 4.4005e-04
1.4220e-02 6.2170e-01 4.4007e-04
1.4318e-02 6.2182e-01 4.4008e-04
1.4418e-02 6.2194e-01 4.4010e-04
1.4518e-02 6.2206e-01 4.4012e-04
1.4618e-02 6.2217e-01 4.4014e-04
1.4720e-02 6.2229e-01 4.4016e-04
1.4822e-02 6.2240e-01 4.4018e-04
1.4925e-02 6.2252e-01 4.4020e-04
1.5028e-02 6.2263e-01 4.4022e-04
1.5133e-02 6.2275e-01 4.4025e-04
1.5238e-02 6.2286e-01 4.4027e-04
1.5343e-02 6.2297e-01 4.4030e-04
1.5450e-02 6.2308e-01 4.4033e-04
1.5557e-02 6.2319e-01 4.4035e-04
1.5665e-02 6.2330e-01 4.4038e-04
1.5774e-02 6.2341e-01 4.4041e-04
1.5883e-02 6.2352e-01 4.4045e-04
1.5994e-02 6.2363e-01 4.4048e-04
1.6105e-02 6.2373e-01 4.4051e-04
1.6216e-02 6.2384e-01 4.4055e-04
1.6329e-02 6.2394e-01 4.4058e-04
1.6442e-02 6.2405e-01 4.4062e-04
1.6556e-02 6.2415e-01 4.4066e-04
1.6671e-02 6.2426e-01 4.4070e-04
1.6787e-02 6.2436e-01 4.4074e-04
1.6903e-02 6.2446e-01 4.4078e-04
1.7021e-02 6.2456e-01 4.4083e-04
1.7139e-02 6.2466e-01 4.4087e-04
1.7258e-02 6.2476e-01 4.4092e-04
1.7377e-02 6.2486e-01 4.4096e-04
1.7498e-02 6.2496e-01 4.4101e-04
1.7619e-02 6.2506e-01 4.4106e-04
1.7742e-02 6.2516e-01 4.4111e-04
1.7865e-02 6.2526e-01 4.4117e-04
1.7989e-02 6.2535e-01 4.4122e-04
1.8114e-02 6.2545e-01 4.4128e-04
1.8239e-02 6.2554e-01 4.4133e-04
1.8366e-02 6.2564e-01 4.4139e-04
1.8493e-02 6.2573e-01 4.4145e-04
1.8622e-02 6.2583e-01 4.4151e-04
1.8751e-02 6.2592e-01 4.4158e-04
1.8881e-02 6.2601e-01 4.4164e-04
1.9012e-02 6.2610e-01 4.4171e-04
1.9144e-02 6.2619e-01 4.4178e-04
1.9277e-02 6.2628e-01 4.4185e-04
1.9411e-02 6.2637e-01 4.4192e-04
1.9545e-02 6.2646e-01 4.4199e-04
1.9681e-02 6.2655e-01 4.4207e-04
1.9818e-02 6.2664e-01 4.4214e-04
1.9955e-02 6.2673e-01 4.4222e-04
2.0094e-02 6.2682e-01 4.4230e-04
2.0233e-02 6.2690e-01 4.4239e-04
2.0373e-02 6.2699e-01 4.4247e-04
2.0515e-02 6.2707e-01 4.4256e-04
2.0657e-02 6.2716e-01 4.4264e-04
2.0801e-02 6.2724e-01 4.4274e-04
2.0945e-02 6.2733e-01 4.4283e-04
2.1090e-02 6.2741e-01 4.4292e-04
2.1237e-02 6.2749e-01 4.4302e-04
2.1384e-02 6.2758e-01 4.4312e-04
2.1532e-02 6.2766e-01 4.4322e-04
2.1682e-02 6.2774e-01 4.4332e-04
2.1832e-02 6.2782e-01 4.4343e-04
2.1984e-02 6.2790e-01 4.4354e-04
2.2136e-02 6.2798e-01 4.4365e-04
2.2290e-02 6.2806e-01 4.4376e-04
2.2445e-02 6.2814e-01 4.4388e-04
2.2600e-02 6.2822e-01 4.4400e-04
2.2757e-02 6.2830e-01 4.4412e-04
2.2915e-02 6.2837e-01 4.4424e-04
2.3074e-02 6.2845e-01 4.4437e-04
2.3234e-02 6.2853e-01 4.4449e-04
2.3396e-02 6.2860e-01 4.4463e-04
2.3558e-02 6.2868e-01 4.4476e-04
2.3721e-02 6.2875e-01 4.4490e-04
2.3886e-02 6.2883e-01 4.4504e-04
2.4052e-02 6.2890e-01 4.4518e-04
2.4219e-02 6.2898e-01 4.4533e-04
2.4387e-02 6.2905e-01 4.4548e-04
2.4556e-02 6.2912e-01 4.4563e-04
2.4726e-02 6.2920e-01 4.4579e-04
2.4898e-02 6.2927e-01 4.4595e-04
2.5071e-02 6.2934e-01 4.4611e-04
2.5245e-02 6.2941e-01 4.4628e-04
2.5420e-02 6.2948e-01 4.4645e-04
2.5596e-02 6.2955e-01 4.4662e-04
2.5774e-02 6.2962e-01 4.4680e-04
2.5953e-02 6.2969e-01 4.4698e-04
2.6133e-02 6.2976e-01 4.4716e-04
2.6314e-02 6.2983e-01 4.4735e-04
2.6497e-02 6.2990e-01 4.4754e-04
2.6681e-02 6.2996e-01 4.4774e-04
2.6866e-02 6.3003e-01 4.4794e-04
2.7052e-02 6.3010e-01 4.4815e-04
2.7240e-02 6.3016e-01 4.4835e-04
2.7429e-02 6.3023e-01 4.4857e-04
2.7620e-02 6.3030e-01 4.4879e-04
2.7811e-02 6.3036e-01 4.4901e-04
2.8004e-02 6.3043e-01 4.4924e-04
2.8199e-02 6.3049e-01 4.4947e-04
2.8394e-02 6.3056e-01 4.4971e-04
2.8591e-02 6.3062e-01 4.4995e-04
2.8790e-02 6.3068e-01 4.5019e-04
2.8989e-02 6.3075e-01 4.5045e-04
2.9191e-02 6.3081e-01 4.5070e-04
2.9393e-02 6.3087e-01 4.5097e-04
2.9597e-02 6.3093e-01 4.5123e-04
2.9803e-02 6.3100e-01 4.5151e-04
3.0009e-02 6.3106e-01 4.5179e-04
3.0218e-02 6.3112e-01 4.5207e-04
3.0427e-02 6.3118e-01 4.5236e-04
3.0638e-02 6.3124e-01 4.5266e-04
3.0851e-02 6.3130e-01 4.5297e-04
3.1065e-02 6.3136e-01 4.5328e-04
3.1281e-02 6.3142e-01 4.5359e-04
3.1498e-02 6.3148e-01 4.5391e-04
3.1716e-02 6.3153e-01 4.5424e-04
3.1937e-02 6.3159e-01 4.5458e-04
3.2158e-02 6.3165e-01 4.5492e-04
3.2381e-02 6.3171e-01 4.5527e-04
3.2606e-02 6.3176e-01 4.5563e-04
3.2832e-02 6.3182e-01 4.5600e-04
3.3060e-02 6.3188e-01 4.5637e-04
3.3290e-02 6.3193e-01 4.5675e-04
3.3521e-02 6.3199e-01 4.5714e-04
3.3753e-02 6.3204e-01 4.5753e-04
3.3987e-02 6.3210e-01 4.5794e-04
3.4223e-02 6.3216e-01 4.5835e-04
3.4461e-02 6.3221e-01 4.5877e-04
3.4700e-02 6.3226e-01 4.5920e-04
3.4941e-02 6.3232e-01 4.5964e-04
3.5183e-02 6.3237e-01 4.6009e-04
3.5427e-02 6.3242e-01 4.6055e-04
3.5673e-02 6.3248e-01 4.6102e-04
3.5921e-02 6.3253e-01 4.6149e-04
3.6170e-02 6.3258e-01 4.6198e-04
3.6421e-02 6.3264e-01 4.6248e-04
3.6674e-02 6.3269e-01 4.6298e-04
3.6928e-02 6.3274e-01 4.6350e-04
3.7185e-02 6.3279e-01 4.6403e-04
3.7443e-02 6.3284e-01 4.6457e-04
3.7703e-02 6.3289e-01 4.6512e-04
3.7964e-02 6.3294e-01 4.6568e-04
3.8228e-02 6.3299e-01 4.6625e-04
3.8493e-02 6.3304e-01 4.6684e-04
3.8760e-02 6.3309e-01 4.6744e-04
3.9029e-02 6.3314e-01 4.6805e-04
3.9300e-02 6.3319e-01 4.6867e-04
3.9573e-02 6.3324e-01 4.6931e-04
3.9847e-02 6.3329e-01 4.6995e-04
4.0124e-02 6.3333e-01 4.7062e-04
4.0402e-02 6.3338e-01 4.7129e-04
4.0683e-02 6.3343e-01 4.7198e-04
4.0965e-02 6.3348e-01 4.7269e-04
4.1249e-02 6.3352e-01 4.7340e-04
4.1535e-02 6.3357e-01 4.7414e-04
4.1824e-02 6.3362e-01 4.7489e-04
4.2114e-02 6.3366e-01 4.7565e-04
4.2406e-02 6.3371e-01 4.7643e-04
4.2700e-02 6.3376e-01 4.7723e-04
4.2997e-02 6.3380e-01 4.7804e-04
4.3295e-02 6.3385e-01 4.7887e-04
4.3596e-02 6.3389e-01 4.7972e-04
4.3898e-02 6.3394e-01 4.8058e-04
4.4203e-02 6.3398e-01 4.8147e-04
4.4510e-02 6.3403e-01 4.8237e-04
4.4818e-02 6.3407e-01 4.8329e-04
4.5129e-02 6.3411e-01 4.8423e-04
4.5443e-02 6.3416e-01 4.8519e-04
4.5758e-02 6.3420e-01 4.8616e-04
4.6076e-02 6.3424e-01 4.8716e-04
4.6395e-02 6.3429e-01 4.8818e-04
4.6717e-02 6.3433e-01 4.8922e-04
4.7041e-02 6.3437e-01 4.9029e-04
4.7368e-02 6.3441e-01 4.9137e-04
4.7697e-02 6.3445e-01 4.9248e-04
4.8028e-02 6.3450e-01 4.9361e-04
4.8361e-02 6.3454e-01 4.9476e-04
4.8697e-02 6.3458e-01 4.9594e-04
4.9034e-02 6.3462e-01 4.9714e-04
4.9375e-02 6.3466e-01 4.9837e-04
4.9717e-02 6.3470e-01 4.9962e-04
5.0062e-02 6.3474e-01 5.0090e-04
5.0410e-02 6.3478e-01 5.0221e-04
5.0760e-02 6.3482e-01 5.0354e-04
5.1112e-02 6.3486e-01 5.0490e-04
5.1467e-02 6.3490e-01 5.0629e-04
5.1824e-02 6.3494e-01 5.0771e-04
5.2183e-02 6.3497e-01 5.0915e-04
5.2546e-02 6.3501e-01 5.1063e-04
5.2910e-02 6.3505e-01 5.1214e-04
5.3277e-02 6.3509e-01 5.1368e-04
5.3647e-02 6.3513e-01 5.1525e-04
5.4019e-02 6.3516e-01 5.1685e-04
5.4394e-02 6.3520e-01 5.1849e-04
5.4772e-02 6.3524e-01 5.2016e-04
5.5152e-02 6.3527e-01 5.2187e-04
5.5535e-02 6.3531e-01 5.2361e-04
5.5920e-02 6.3535e-01 5.2539e-04
5.6308e-02 6.3538e-01 5.2721e-04
5.6699e-02 6.3542e-01 5.2906e-04
5.7092e-02 6.3545e-01 5.3095e-04
5.7488e-02 6.3549e-01 5.3289e-04
5.7887e-02 6.3552e-01 5.3486e-04
5.8289e-02 6.3556e-01 5.3687e-04
5.8694e-02 6.3559e-01 5.3893e-04
5.9101e-02 6.3562e-01 5.4102e-04
5.9511e-02 6.3566e-01 5.4317e-04
5.9924e-02 6.3569e-01 5.4535e-04
6.0340e-02 6.3572e-01 5.4759e-04
6.0759e-02 6.3576e-01 5.4987e-04
6.1180e-02 6.3579e-01 5.5219e-04
6.1605e-02 6.3582e-01 5.5457e-04
6.2032e-02 6.3586e-01 5.5699e-04
6.2463e-02 6.3589e-01 5.5947e-04
6.2896e-02 6.3592e-01 5.6199e-04
6.3333e-02 6.3595e-01 5.6457e-04
6.3772e-02 6.3598e-01 5.6721e-04
6.4215e-02 6.3601e-01 5.6990e-04
6.4660e-02 6.3604e-01 5.7264e-04
6.5109e-02 6.3607e-01 5.7544e-04
6.5561e-02 6.3610e-01 5.7830e-04
6.6016e-02 6.3613e-01 5.8123e-04
6.6474e-02 6.3616e-01 5.8421e-04
6.6935e-02 6.3619e-01 5.8725e-04
6.7400e-02 6.3622e-01 5.9036e-04
6.7868e-02 6.3625e-01 5.9353e-04
6.8339e-02 6.3628e-01 5.9677e-04
6.8813e-02 6.3631e-01 6.0008e-04
6.9290e-02 6.3633e-01 6.0345e-04
6.9771e-02 6.3636e-01 6.0690e-04
7.0255e-02 6.3639e-01 6.1042e-04
7.0743e-02 6.3642e-01 6.1401e-04
7.1234e-02 6.3644e-01 6.1767e-04
7.1728e-02 6.3647e-01 6.2142e-04
7.2226e-02 6.3650e-01 6.2524e-04
7.2727e-02 6.3652e-01 6.2914e-04
7.3232e-02 6.3655e-01 6.3313e-04
7.3740e-02 6.3657e-01 6.3719e-04
7.4252e-02 6.3660e-01 6.4135e-04
7.4767e-02 6.3662e-01 6.4558e-04
7.5286e-02 6.3665e-01 6.4991e-04
7.5808e-02 6.3667e-01 6.5433e-04
7.6335e-02 6.3670e-01 6.5884e-04
7.6864e-02 6.3672e-01 6.6345e-04
7.7398e-02 6.3674e-01 6.6815e-04
7.7935e-02 6.3677e-01 6.7295e-04
7.8476e-02 6.3679e-01 6.7784e-04
7.9020e-02 6.3681e-01 6.8285e-04
7.9569e-02 6.3683e-01 6.8795e-04
8.0121e-02 6.3686e-01 6.9317e-04
8.0677e-02 6.3688e-01 6.9849e-04
8.1237e-02 6.3690e-01 7.0392e-04
8.1800e-02 6.3692e-01 7.0947e-04
8.2368e-02 6.3694e-01 7.1513e-04
8.2940e-02 6.3696e-01 7.2092e-04
8.3515e-02 6.3698e-01 7.2682e-04
8.4095e-02 6.3700e-01 7.3285e-04
8.4678e-02 6.3702e-01 7.3900e-04
8.5266e-02 6.3704e-01 7.4528e-04
8.5858e-02 6.3706e-01 7.5170e-04
8.6454e-02 6.3708e-01 7.5824e-04
8.7054e-02 6.3710e-01 7.6493e-04
8.7658e-02 6.3712e-01 7.7175e-04
8.8266e-02 6.3714e-01 7.7872e-04
8.8879e-02 6.3716e-01 7.8583e-04
8.9495e-02 6.3717e-01 7.9310e-04
9.0116e-02 6.3719e-01 8.0051e-04
9.0742e-02 6.3721e-01 8.0808e-04
9.1371e-02 6.3723e-01 8.1581e-04
9.2006e-02 6.3724e-01 8.2370e-04
9.2644e-02 6.3726e-01 8.3176e-04
9.3287e-02 6.3728e-01 8.3998e-04
9.3934e-02 6.3729e-01 8.4838e-04
9.4586e-02 6.3731e-01 8.5695e-04
9.5243e-02 6.3732e-01 8.6570e-04
9.5904e-02 6.3734e-01 8.7464e-04
9.6569e-02 6.3736e-01 8.8376e-04
9.7239e-02 6.3737e-01 8.9307e-04
9.7914e-02 6.3739e-01 9.0258e-04
9.8594e-02 6.3740e-01 9.1229e-04
9.9278e-02 6.3742e-01 9.2220e-04
9.9967e-02 6.3743e-01 9.3232e-04
1.0066e-01 6.3745e-01 9.4265e-04
1.0136e-01 6.3746e-01 9.5320e-04
1.0206e-01 6.3747e-01 9.6397e-04
1.0277e-01 6.3749e-01 9.7496e-04
1.0348e-01 6.3750e-01 9.8618e-04
1.0420e-01 6.3752e-01 9.9764e-04
1.0493e-01 6.3753e-01 1.0093e-03
1.0565e-01 6.3754e-01 1.0213e-03
1.0639e-01 6.3756e-01 1.0335e-03
1.0712e-01 6.3757e-01 1.0459e-03
1.0787e-01 6.3759e-01 1.0586e-03
1.0862e-01 6.3760e-01 1.0716e-03
1.0937e-01 6.3761e-01 1.0849e-03
1.1013e-01 6.3763e-01 1.0984e-03
1.1089e-01 6.3764e-01 1.1122e-03
1.1166e-01 6.3765e-01 1.1263e-03
1.1244e-01 6.3767e-01 1.1407e-03
1.1322e-01 6.3768e-01 1.1554e-03
1.1400e-01 6.3769e-01 1.1704e-03
1.1480e-01 6.3771e-01 1.1857e-03
1.1559e-01 6.3772e-01 1.2014e-03
1.1639e-01 6.3773e-01 1.2173e-03
1.1720e-01 6.3775e-01 1.2336e-03
1.1802e-01 6.3776e-01 1.2503e-03
1.1883e-01 6.3778e-01 1.2673e-03
1.1966e-01 6.3779e-01 1.2846e-03
1.2049e-01 6.3781e-01 1.3023e-03
1.2133e-01 6.3782e-01 1.3204e-03
1.2217e-01 6.3783e-01 1.3389e-03
1.2302e-01 6.3785e-01 1.3578e-03
1.2387e-01 6.3786e-01 1.3770e-03
1.2473e-01 6.3788e-01 1.3966e-03
1.2559e-01 6.3790e-01 1.4167e-03
1.2647e-01 6.3791e-01 1.4372e-03
1.2734e-01 6.3793e-01 1.4581e-03
1.2823e-01 6.3794e-01 1.4795e-03
1.2912e-01 6.3796e-01 1.5012e-03
1.3001e-01 6.3798e-01 1.5235e-03
1.3091e-01 6.3800e-01 1.5462e-03
1.3182e-01 6.3801e-01 1.5694e-03
1.3274e-01 6.3803e-01 1.5931e-03
1.3366e-01 6.3805e-01 1.6173e-03
1.3459e-01 6.3807e-01 1.6420e-03
1.3552e-01 6.3809e-01 1.6672e-03
1.3646e-01 6.3811e-01 1.6929e-03
1.3741e-01 6.3813e-01 1.7192e-03
1.3836e-01 6.3815e-01 1.7460e-03
1.3932e-01 6.3817e-01 1.7734e-03
1.4029e-01 6.3819e-01 1.8013e-03
1.4126e-01 6.3822e-01 1.8299e-03
1.4224e-01 6.3824e-01 1.8590e-03
1.4323e-01 6.3826e-01 1.8888e-03
1.4422e-01 6.3829e-01 1.9191e-03
1.4522e-01 6.3831e-01 1.9501e-03
1.4623e-01 6.3834e-01 1.9818e-03
1.4725e-01 6.3837e-01 2.0141e-03
1.4827e-01 6.3840e-01 2.0471e-03
1.4930e-01 6.3842e-01 2.0808e-03
1.5033e-01 6.3845e-01 2.1152e-03
1.5138e-01 6.3848e-01 2.1503e-03
1.5243e-01 6.3851e-01 2.1862e-03
1.5349e-01 6.3855e-01 2.2228e-03
1.5455e-01 6.3858e-01 2.2602e-03
1.5562e-01 6.3861e-01 2.2983e-03
1.5670e-01 6.3865e-01 2.3373e-03
1.5779e-01 6.3868e-01 2.3771e-03
1.5889e-01 6.3872e-01 2.4177e-03
1.5999e-01 6.3876e-01 2.4591e-03
1.6110e-01 6.3880e-01 2.5014e-03
1.6222e-01 6.3884e-01 2.5446e-03
1.6334e-01 6.3888e-01 2.5888e-03
1.6448e-01 6.3892e-01 2.6338e-03
1.6562e-01 6.3897e-01 2.6798e-03
1.6677e-01 6.3901e-01 2.7267e-03
1.6792e-01 6.3906e-01 2.7746e-03
1.6909e-01 6.3911e-01 2.8236e-03
1.7026e-01 6.3916e-01 2.8735e-03
1.7144e-01 6.3921e-01 2.9245e-03
1.7263e-01 6.3926e-01 2.9766e-03
1.7383e-01 6.3931e-01 3.0297e-03
1.7504e-01 6.3937e-01 3.0840e-03
1.7625e-01 6.3942e-01 3.1394e-03
1.7748e-01 6.3948e-01 3.1960e-03
1.7871e-01 6.3954e-01 3.2537e-03
1.7995e-01 6.3961e-01 3.3127e-03
1.8120e-01 6.3967e-01 3.3729e-03
1.8245e-01 6.3974e-01 3.4343e-03
1.8372e-01 6.3980e-01 3.4970e-03
1.8500e-01 6.3987e-01 3.5611e-03
1.8628e-01 6.3995e-01 3.6265e-03
1.8757e-01 6.4002e-01 3.6932e-03
1.8887e-01 6.4009e-01 3.7614e-03
1.9018e-01 6.4017e-01 3.8309e-03
1.9150e-01 6.4025e-01 3.9020e-03
1.9283e-01 6.4033e-01 3.9745e-03
1.9417e-01 6.4042e-01 4.0485e-03
1.9552e-01 6.4051e-01 4.1241e-03
1.9688e-01 6.4060e-01 4.2012e-03
1.9824e-01 6.4069e-01 4.2800e-03
1.9962e-01 6.4078e-01 4.3604e-03
2.0100e-01 6.4088e-01 4.4425e-03
2.0240e-01 6.4098e-01 4.5263e-03
2.0380e-01 6.4108e-01 4.6119e-03
2.0522e-01 6.4119e-01 4.6992e-03
2.0664e-01 6.4129e-01 4.7884e-03
2.0807e-01 6.4141e-01 4.8794e-03
2.0952e-01 6.4152e-01 4.9724e-03
2.1097e-01 6.4164e-01 5.0672e-03
2.1244e-01 6.4176e-01 5.1641e-03
2.1391e-01 6.4188e-01 5.2630e-03
2.1540e-01 6.4201e-01 5.3639e-03
2.1689e-01 6.4214e-01 5.4669e-03
2.1840e-01 6.4227e-01 5.5721e-03
2.1991e-01 6.4241e-01 5.6795e-03
2.2144e-01 6.4255e-01 5.7891e-03
2.2297e-01 6.4269e-01 5.9011e-03
2.2452e-01 6.4284e-01 6.0153e-03
2.2608e-01 6.4299e-01 6.1319e-03
2.2765e-01 6.4314e-01 6.2510e-03
2.2923e-01 6.4330e-01 6.3725e-03
2.3082e-01 6.4347e-01 6.4966e-03
2.3242e-01 6.4363e-01 6.6232e-03
2.3403e-01 6.4381e-01 6.7525e-03
2.3566e-01 6.4398e-01 6.8845e-03
2.3729e-01 6.4416e-01 7.0192e-03
2.3894e-01 6.4435e-01 7.1568e-03
2.4060e-01 6.4454e-01 7.2972e-03
2.4227e-01 6.4473e-01 7.4405e-03
2.4395e-01 6.4493e-01 7.5868e-03
2.4564e-01 6.4514e-01 7.7361e-03
2.4735e-01 6.4535e-01 7.8886e-03
2.4906e-01 6.4556e-01 8.0442e-03
2.5079e-01 6.4578e-01 8.2030e-03
2.5253e-01 6.4601e-01 8.3651e-03
2.5428e-01 6.4624e-01 8.5306e-03
2.5605e-01 6.4647e-01 8.6996e-03
2.5783e-01 6.4672e-01 8.8720e-03
2.5961e-01 6.4696e-01 9.0481e-03
2.6142e-01 6.4722e-01 9.2277e-03
2.6323e-01 6.4748e-01 9.4111e-03
2.6506e-01 6.4774e-01 9.5984e-03
2.6690e-01 6.4802e-01 9.7894e-03
2.6875e-01 6.4830e-01 9.9845e-03
2.7061e-01 6.4858e-01 1.0184e-02
2.7249e-01 6.4888e-01 1.0387e-02
2.7438e-01 6.4918e-01 1.0594e-02
2.7629e-01 6.4948e-01 1.0806e-02
2.7820e-01 6.4980e-01 1.1022e-02
2.8014e-01 6.5012e-01 1.1243e-02
2.8208e-01 6.5045e-01 1.1468e-02
2.8404e-01 6.5078e-01 1.1697e-02
2.8601e-01 6.5113e-01 1.1932e-02
2.8799e-01 6.5148e-01 1.2171e-02
2.8999e-01 6.5184e-01 1.2415e-02
2.9200e-01 6.5221e-01 1.2665e-02
2.9403e-01 6.5259e-01 1.2919e-02
2.9607e-01 6.5297e-01 1.3179e-02
2.9813e-01 6.5337e-01 1.3444e-02
3.0019e-01 6.5377e-01 1.3715e-02
3.0228e-01 6.5419e-01 1.3991e-02
3.0437e-01 6.5461e-01 1.4272e-02
3.0649e-01 6.5504e-01 1.4560e-02
3.0861e-01 6.5548e-01 1.4853e-02
3.1076e-01 6.5593e-01 1.5153e-02
3.1291e-01 6.5639e-01 1.5458e-02
3.1508e-01 6.5687e-01 1.5770e-02
3.1727e-01 6.5735e-01 1.6089e-02
3.1947e-01 6.5784e-01 1.6413e-02
3.2169e-01 6.5835e-01 1.6745e-02
3.2392e-01 6.5886e-01 1.7083e-02
3.2617e-01 6.5939e-01 1.7428e-02
3.2843e-01 6.5993e-01 1.7780e-02
3.3071e-01 6.6048e-01 1.8140e-02
3.3301e-01 6.6104e-01 1.8507e-02
3.3532e-01 6.6161e-01 1.8881e-02
3.3764e-01 6.6220e-01 1.9263e-02
3.3999e-01 6.6280e-01 1.9652e-02
3.4235e-01 6.6341e-01 2.0050e-02
3.4472e-01 6.6404e-01 2.0455e-02
3.4712e-01 6.6468e-01 2.0869e-02
3.4952e-01 6.6533e-01 2.1292e-02
3.5195e-01 6.6599e-01 2.1723e-02
3.5439e-01 6.6667e-01 2.2162e-02
3.5685e-01 6.6737e-01 2.2611e-02
3.5933e-01 6.6808e-01 2.3068e-02
3.6182e-01 6.6880e-01 2.3535e-02
3.6433e-01 6.6954e-01 2.4011e-02
3.6686e-01 6.7030e-01 2.4497e-02
3.6941e-01 6.7107e-01 2.4993e-02
3.7197e-01 6.7185e-01 2.5499e-02
3.7455e-01 6.7266e-01 2.6015e-02
3.7715e-01 6.7348e-01 2.6541e-02
3.7977e-01 6.7431e-01 2.7078e-02
3.8240e-01 6.7516e-01 2.7625e-02
3.8506e-01 6.7603e-01 2.8184e-02
3.8773e-01 6.7692e-01 2.8754e-02
3.9042e-01 6.7783e-01 2.9335e-02
3.9313e-01 6.7875e-01 2.9928e-02
3.9586e-01 6.7969e-01 3.0532e-02
3.9861e-01 6.8065e-01 3.1149e-02
4.0137e-01 6.8163e-01 3.1778e-02
4.0416e-01 6.8263e-01 3.2419e-02
4.0696e-01 6.8365e-01 3.3073e-02
4.0979e-01 6.8469e-01 3.3741e-02
4.1263e-01 6.8575e-01 3.4421e-02
4.1549e-01 6.8683e-01 3.5115e-02
4.1838e-01 6.8793e-01 3.5823e-02
4.2128e-01 6.8905e-01 3.6544e-02
4.2420e-01 6.9019e-01 3.7280e-02
4.2715e-01 6.9136e-01 3.8030e-02
4.3011e-01 6.9255e-01 3.8795e-02
4.3310e-01 6.9376e-01 3.9575e-02
4.3610e-01 6.9499e-01 4.0370e-02
4.3913e-01 6.9624e-01 4.1181e-02
4.4218e-01 6.9752e-01 4.2008e-02
4.4524e-01 6.9882e-01 4.2851e-02
4.4833e-01 7.0015e-01 4.3710e-02
4.5144e-01 7.0150e-01 4.4586e-02
4.5458e-01 7.0287e-01 4.5479e-02
4.5773e-01 7.0427e-01 4.6389e-02
4.6091e-01 7.0569e-01 4.7316e-02
4.6411e-01 7.0714e-01 4.8262e-02
4.6733e-01 7.0861e-01 4.9226e-02
4.7057e-01 7.1011e-01 5.0208e-02
4.7384e-01 7.1164e-01 5.1209e-02
4.7713e-01 7.1319e-01 5.2229e-02
4.8044e-01 7.1477e-01 5.3269e-02
4.8377e-01 7.1638e-01 5.4329e-02
4.8713e-01 7.1801e-01 5.5408e-02
4.9051e-01 7.1967e-01 5.6509e-02
4.9391e-01 7.2136e-01 5.7630e-02
4.9734e-01 7.2308e-01 5.8772e-02
5.0079e-01 7.2482e-01 5.9935e-02
5.0427e-01 7.2660e-01 6.1121e-02
5.0777e-01 7.2840e-01 6.2328e-02
5.1129e-01 7.3023e-01 6.3558e-02
5.1484e-01 7.3209e-01 6.4812e-02
5.1841e-01 7.3397e-01 6.6088e-02
5.2201e-01 7.3589e-01 6.7388e-02
5.2563e-01 7.3784e-01 6.8712e-02
5.2928e-01 7.3982e-01 7.0060e-02
5.3295e-01 7.4182e-01 7.1434e-02
5.3665e-01 7.4386e-01 7.2832e-02
5.4037e-01 7.4593e-01 7.4256e-02
5.4412e-01 7.4802e-01 7.5706e-02
5.4790e-01 7.5015e-01 7.7182e-02
5.5170e-01 7.5231e-01 7.8685e-02
5.5553e-01 7.5449e-01 8.0215e-02
5.5939e-01 7.5671e-01 8.1772e-02
5.6327e-01 7.5896e-01 8.3357e-02
5.6718e-01 7.6123e-01 8.4971e-02
5.7111e-01 7.6354e-01 8.6613e-02
5.7508e-01 7.6588e-01 8.8284e-02
5.7907e-01 7.6825e-01 8.9985e-02
5.8309e-01 7.7065e-01 9.1716e-02
5.8713e-01 7.7308e-01 9.3476e-02
5.9121e-01 7.7553e-01 9.5268e-02
5.9531e-01 7.7802e-01 9.7091e-02
5.9944e-01 7.8054e-01 9.8945e-02
6.0360e-01 7.8308e-01 1.0083e-01
6.0779e-01 7.8566e-01 1.0275e-01
6.1201e-01 7.8826e-01 1.0470e-01
6.1625e-01 7.9089e-01 1.0668e-01
6.2053e-01 7.9355e-01 1.0870e-01
6.2484e-01 7.9624e-01 1.1075e-01
6.2917e-01 7.9895e-01 1.1284e-01
6.3354e-01 8.0169e-01 1.1496e-01
6.3794e-01 8.0446e-01 1.1712e-01
6.4236e-01 8.0725e-01 1.1931e-01
6.4682e-01 8.1007e-01 1.2153e-01
6.5131e-01 8.1291e-01 1.2380e-01
6.5583e-01 8.1578e-01 1.2610e-01
6.6038e-01 8.1867e-01 1.2843e-01
6.6496e-01 8.2158e-01 1.3081e-01
6.6958e-01 8.2451e-01 1.3322e-01
6.7422e-01 8.2747e-01 1.3567e-01
6.7890e-01 8.3044e-01 1.3816e-01
6.8361e-01 8.3344e-01 1.4069e-01
6.8836e-01 8.3645e-01 1.4326e-01
6.9313e-01 8.3948e-01 1.4586e-01
6.9795e-01 8.4252e-01 1.4851e-01
7.0279e-01 8.4559e-01 1.5119e-01
7.0767e-01 8.4866e-01 1.5392e-01
7.1258e-01 8.5175e-01 1.5669e-01
7.1752e-01 8.5485e-01 1.5950e-01
7.2250e-01 8.5796e-01 1.6235e-01
7.2751e-01 8.6108e-01 1.6524e-01
7.3256e-01 8.6421e-01 1.6818e-01
7.3765e-01 8.6734e-01 1.7115e-01
7.4277e-01 8.7048e-01 1.7417e-01
7.4792e-01 8.7362e-01 1.7723e-01
7.5311e-01 8.7677e-01 1.8034e-01
7.5834e-01 8.7991e-01 1.8349e-01
7.6360e-01 8.8305e-01 1.8668e-01
7.6890e-01 8.8619e-01 1.8991e-01
7.7424e-01 8.8933e-01 1.9319e-01
7.7961e-01 8.9246e-01 1.9651e-01
7.8502e-01 8.9558e-01 1.9988e-01
7.9047e-01 8.9869e-01 2.0329e-01
7.9595e-01 9.0179e-01 2.0674e-01
8.0148e-01 9.0487e-01 2.1024e-01
8.0704e-01 9.0794e-01 2.1379e-01
8.1264e-01 9.1098e-01 2.1738e-01
8.1828e-01 9.1401e-01 2.2101e-01
8.2396e-01 9.1702e-01 2.2469e-01
8.2967e-01 9.2000e-01 2.2841e-01
8.3543e-01 9.2295e-01 2.3217e-01
8.4123e-01 9.2587e-01 2.3598e-01
8.4707e-01 9.2876e-01 2.3984e-01
8.5294e-01 9.3162e-01 2.4374e-01
8.5886e-01 9.3444e-01 2.4768e-01
8.6482e-01 9.3722e-01 2.5167e-01
8.7083e-01 9.3995e-01 2.5570e-01
8.7687e-01 9.4265e-01 2.5978e-01
8.8295e-01 9.4529e-01 2.6390e-01
8.8908e-01 9.4789e-01 2.6806e-01
8.9525e-01 9.5043e-01 2.7227e-01
9.0146e-01 9.5292e-01 2.7652e-01
9.0772e-01 9.5535e-01 2.8081e-01
9.1402e-01 9.5773e-01 2.8515e-01
9.2036e-01 9.6004e-01 2.8952e-01
9.2675e-01 9.6228e-01 2.9394e-01
9.3318e-01 9.6445e-01 2.9840e-01
9.3966e-01 9.6656e-01 3.0290e-01
9.4618e-01 9.6859e-01 3.0744e-01
9.5274e-01 9.7054e-01 3.1202e-01
9.5936e-01 9.7242e-01 3.1664e-01
9.6601e-01 9.7421e-01 3.2130e-01
9.7272e-01 9.7592e-01 3.2600e-01
9.7947e-01 9.7754e-01 3.3074e-01
9.8626e-01 9.7907e-01 3.3551e-01
9.9311e-01 9.8051e-01 3.4032e-01
1.0000e+00 9.8186e-01 3.4517e-01
